,last_update,timestamp,tests_performed,abbreviation_canton,name_canton,number_canton,lat,long,total_positive_cases,total_currently_positive_cases,new_hosp,total_hospitalized,intensive_care,total_currently_positive_per_100k,deaths_per_100k,released,ncumul_ICU_intub,deaths,ncumul_vent,ncumul_confirmed_non_resident,current_hosp_non_resident,TotalPosTests1,ninst_ICU_intub,ncumul_ICF,new_positive_cases,new_deaths,source,doubling_time_total_positive,doubling_time_fatalities
0,2020-05-19 17:03:23,2020-02-25 02:00:00,73,GE,Genève,25,46.220528,6.132935,0,0,0,0,0,0.0,0.0,,0,0,0,,,,,0.0,0,0,https://www.ge.ch/document/20094/telecharger,0.0,0.0
2,2020-05-19 17:03:23,2020-02-26 02:00:00,178,GE,Genève,25,46.220528,6.132935,1,1,1,1,0,0.2,0.0,,0,0,0,,,,,0.0,1,0,https://www.ge.ch/document/20094/telecharger,0.0,0.0
6,2020-05-19 17:03:23,2020-02-27 02:00:00,329,GE,Genève,25,46.220528,6.132935,1,1,0,1,0,0.2,0.0,,0,0,0,,,,,0.0,0,0,https://www.ge.ch/document/20094/telecharger,0.0,0.0
14,2020-05-19 17:03:23,2020-02-28 02:00:00,540,GE,Genève,25,46.220528,6.132935,4,4,1,2,0,0.81,0.0,,0,0,0,,,,,0.0,3,0,https://www.ge.ch/document/20094/telecharger,0.0,0.0
22,2020-05-19 17:03:23,2020-02-29 02:00:00,682,GE,Genève,25,46.220528,6.132935,8,8,1,3,0,1.62,0.0,,0,0,0,,,,,0.0,4,0,https://www.ge.ch/document/20094/telecharger,0.0,0.0
33,2020-05-19 17:03:23,2020-03-01 02:00:00,784,GE,Genève,25,46.220528,6.132935,9,9,0,3,0,1.82,0.0,,0,0,0,,,,,0.0,1,0,https://www.ge.ch/document/20094/telecharger,0.0,0.0
46,2020-05-19 17:03:23,2020-03-02 02:00:00,872,GE,Genève,25,46.220528,6.132935,10,10,0,3,0,2.02,0.0,,0,0,0,,,,,0.0,1,0,https://www.ge.ch/document/20094/telecharger,1.50515,0.0
59,2020-05-19 17:03:23,2020-03-03 02:00:00,979,GE,Genève,25,46.220528,6.132935,13,13,1,4,0,2.63,0.0,,0,0,0,,,,,0.0,3,0,https://www.ge.ch/document/20094/telecharger,1.351191,0.0
74,2020-05-19 17:03:23,2020-03-04 02:00:00,1085,GE,Genève,25,46.220528,6.132935,14,14,0,4,0,2.83,0.0,,0,0,0,,,,,0.0,1,0,https://www.ge.ch/document/20094/telecharger,2.766474,0.0
91,2020-05-19 17:03:23,2020-03-05 02:00:00,1152,GE,Genève,25,46.220528,6.132935,17,17,1,5,0,3.43,0.0,,0,0,0,,,,,0.0,3,0,https://www.ge.ch/document/20094/telecharger,4.597858,0.0
105,2020-05-19 17:03:23,2020-03-06 02:00:00,1248,GE,Genève,25,46.220528,6.132935,25,25,2,7,0,5.05,0.0,,0,0,0,,,,,0.0,8,0,https://www.ge.ch/document/20094/telecharger,3.392289,0.0
119,2020-05-19 17:03:23,2020-03-07 02:00:00,1324,GE,Genève,25,46.220528,6.132935,38,38,0,7,0,7.67,0.0,,0,0,0,,,,,0.0,13,0,https://www.ge.ch/document/20094/telecharger,2.596055,0.0
131,2020-05-19 17:03:23,2020-03-08 02:00:00,1393,GE,Genève,25,46.220528,6.132935,40,40,2,9,0,8.08,0.0,,0,0,0,,,,,0.0,2,0,https://www.ge.ch/document/20094/telecharger,3.083587,0.0
146,2020-05-19 17:03:23,2020-03-09 02:00:00,1499,GE,Genève,25,46.220528,6.132935,56,56,4,13,3,11.31,0.0,,0,0,1,,,,,0.0,16,0,https://www.ge.ch/document/20094/telecharger,2.5,0.0
158,2020-05-19 17:03:23,2020-03-10 02:00:00,1678,GE,Genève,25,46.220528,6.132935,76,76,5,18,4,15.35,0.202,,0,1,1,,,,,0.0,20,1,https://www.ge.ch/document/20094/telecharger,2.314317,0.0
172,2020-05-19 17:03:23,2020-03-11 02:00:00,1928,GE,Genève,25,46.220528,6.132935,109,109,2,20,6,22.01,0.202,,0,1,4,,,,,0.0,33,0,https://www.ge.ch/document/20094/telecharger,2.353685,0.0
189,2020-05-19 17:03:23,2020-03-12 02:00:00,2306,GE,Genève,25,46.220528,6.132935,150,150,3,23,6,30.29,0.404,,0,2,4,,,,,0.0,41,1,https://www.ge.ch/document/20094/telecharger,2.524116,0.0
206,2020-05-19 17:03:23,2020-03-13 02:00:00,2752,GE,Genève,25,46.220528,6.132935,222,222,10,33,7,44.83,0.404,,0,2,5,,,,,0.0,72,0,https://www.ge.ch/document/20094/telecharger,2.022255,0.0
224,2020-05-19 17:03:23,2020-03-14 02:00:00,3377,GE,Genève,25,46.220528,6.132935,340,340,10,43,8,68.66,0.404,,0,2,5,,,,,2.0,118,0,https://www.ge.ch/document/20094/telecharger,1.921572,0.0
238,2020-05-19 17:03:23,2020-03-15 02:00:00,3733,GE,Genève,25,46.220528,6.132935,423,423,3,46,12,85.42,0.808,,0,4,8,,,,,2.0,83,2,https://www.ge.ch/document/20094/telecharger,2.018908,2.5
256,2020-05-19 17:03:23,2020-03-16 02:00:00,4248,GE,Genève,25,46.220528,6.132935,544,544,20,66,10,109.85,0.808,,0,4,9,,,,,4.0,121,0,https://www.ge.ch/document/20094/telecharger,2.155843,2.5
274,2020-05-19 17:03:23,2020-03-17 02:00:00,4944,GE,Genève,25,46.220528,6.132935,692,692,9,75,19,139.74,1.01,,0,5,17,,,,,2.0,148,1,https://www.ge.ch/document/20094/telecharger,2.266741,3.782354
295,2020-05-19 17:03:23,2020-03-18 02:00:00,5792,GE,Genève,25,46.220528,6.132935,848,848,3,78,20,171.24,1.212,,0,6,17,,,,,2.0,156,1,https://www.ge.ch/document/20094/telecharger,2.585978,3.154649
317,2020-05-19 17:03:23,2020-03-19 02:00:00,6483,GE,Genève,25,46.220528,6.132935,1027,1027,14,92,19,207.39,1.414,,0,7,18,,,,,5.0,179,1,https://www.ge.ch/document/20094/telecharger,3.135131,2.766474
338,2020-05-19 17:03:23,2020-03-20 02:00:00,7012,GE,Genève,25,46.220528,6.132935,1194,1194,17,109,22,241.11,1.817,,0,9,21,,,,,5.0,167,2,https://www.ge.ch/document/20094/telecharger,3.33985,4.273778
361,2020-05-19 17:03:23,2020-03-21 02:00:00,7419,GE,Genève,25,46.220528,6.132935,1331,1331,36,145,25,268.78,1.817,,0,9,24,,,,,13.0,137,0,https://www.ge.ch/document/20094/telecharger,3.873471,4.273778
381,2020-05-19 17:03:23,2020-03-22 02:00:00,7623,GE,Genève,25,46.220528,6.132935,1430,1430,34,179,36,288.77,2.019,,0,10,36,,,,,6.0,99,1,https://www.ge.ch/document/20094/telecharger,4.774768,5.0
402,2020-05-19 17:03:23,2020-03-23 02:00:00,8039,GE,Genève,25,46.220528,6.132935,1582,1582,35,214,43,319.47,3.231,,0,16,41,,,,,11.0,152,6,https://www.ge.ch/document/20094/telecharger,5.557943,3.533475
428,2020-05-19 17:03:23,2020-03-24 02:00:00,8388,GE,Genève,25,46.220528,6.132935,1699,1699,24,238,41,343.09,3.433,103,0,17,41,,,,,21.0,117,1,https://www.ge.ch/document/20094/telecharger,6.884685,3.905921
455,2020-05-19 17:03:23,2020-03-25 02:00:00,8839,GE,Genève,25,46.220528,6.132935,1837,1837,20,258,50,370.96,4.847,122,0,24,48,,,,,18.0,138,7,https://www.ge.ch/document/20094/telecharger,8.044421,3.533475
481,2020-05-19 17:03:23,2020-03-26 02:00:00,9363,GE,Genève,25,46.220528,6.132935,2033,2033,14,272,52,410.54,5.25,144,0,26,48,,,,,18.0,196,2,https://www.ge.ch/document/20094/telecharger,8.181972,3.266875
508,2020-05-19 17:03:23,2020-03-27 02:00:00,9825,GE,Genève,25,46.220528,6.132935,2190,2190,41,313,54,442.25,6.664,153,0,33,54,,,,,23.0,157,7,https://www.ge.ch/document/20094/telecharger,8.131196,2.902815
534,2020-05-19 17:03:23,2020-03-28 02:00:00,10399,GE,Genève,25,46.220528,6.132935,2393,2393,26,339,59,483.24,8.279,175,0,41,54,,,,,24.0,203,8,https://www.ge.ch/document/20094/telecharger,8.374216,3.6831
558,2020-05-19 17:03:23,2020-03-29 01:00:00,10698,GE,Genève,25,46.220528,6.132935,2505,2505,26,365,59,505.86,9.895,193,0,49,55,,,,,27.0,112,8,https://www.ge.ch/document/20094/telecharger,8.926583,3.273865
584,2020-05-19 17:03:23,2020-03-30 01:00:00,11329,GE,Genève,25,46.220528,6.132935,2721,2721,17,382,57,549.47,11.914,216,0,59,54,,,,,24.0,216,10,https://www.ge.ch/document/20094/telecharger,8.821682,3.853028
610,2020-05-19 17:03:23,2020-03-31 01:00:00,12116,GE,Genève,25,46.220528,6.132935,2958,2958,23,405,64,597.33,13.732,241,0,68,49,,,,,20.0,237,9,https://www.ge.ch/document/20094/telecharger,9.241942,3.604843
636,2020-05-19 17:03:23,2020-04-01 01:00:00,12778,GE,Genève,25,46.220528,6.132935,3137,3137,1,406,64,633.48,15.549,260,0,77,58,,,,,24.0,179,9,https://www.ge.ch/document/20094/telecharger,9.644045,4.090339
663,2020-05-19 17:03:23,2020-04-02 01:00:00,13852,GE,Genève,25,46.220528,6.132935,3420,3420,18,424,62,690.63,17.165,283,0,85,54,,,,,24.0,283,8,https://www.ge.ch/document/20094/telecharger,9.705422,4.75358
690,2020-05-19 17:03:23,2020-04-03 01:00:00,14683,GE,Genève,25,46.220528,6.132935,3621,3621,0,424,65,731.22,18.578,284,0,92,58,,,,,25.0,201,7,https://www.ge.ch/document/20094/telecharger,9.405965,5.501445
716,2020-05-19 17:03:23,2020-04-04 01:00:00,15242,GE,Genève,25,46.220528,6.132935,3753,3753,-3,421,61,757.88,21.405,305,0,106,51,,,,,22.0,132,14,https://www.ge.ch/document/20094/telecharger,10.778015,5.915218
740,2020-05-19 17:03:23,2020-04-05 01:00:00,15551,GE,Genève,25,46.220528,6.132935,3838,3838,3,424,56,775.04,22.819,327,0,113,50,,,,,26.0,85,7,https://www.ge.ch/document/20094/telecharger,13.307334,6.823925
765,2020-05-19 17:03:23,2020-04-06 01:00:00,16163,GE,Genève,25,46.220528,6.132935,3956,3956,-6,418,56,798.87,25.242,345,0,125,50,,,,,24.0,118,12,https://www.ge.ch/document/20094/telecharger,14.940675,7.153099
792,2020-05-19 17:03:23,2020-04-07 01:00:00,16997,GE,Genève,25,46.220528,6.132935,4118,4118,-6,412,51,831.58,27.464,374,0,136,48,,,,,21.0,162,11,https://www.ge.ch/document/20094/telecharger,18.660372,7.373849
818,2020-05-19 17:03:23,2020-04-08 01:00:00,17758,GE,Genève,25,46.220528,6.132935,4249,4249,-10,402,49,858.04,30.291,442,0,150,47,,,,,21.0,131,14,https://www.ge.ch/document/20094/telecharger,21.669865,7.089617
844,2020-05-19 17:03:23,2020-04-09 01:00:00,18318,GE,Genève,25,46.220528,6.132935,4338,4338,-9,393,47,876.01,32.108,442,0,159,45,,,,,27.0,89,9,https://www.ge.ch/document/20094/telecharger,23.925075,8.547556
870,2020-05-19 17:03:23,2020-04-10 01:00:00,18718,GE,Genève,25,46.220528,6.132935,4383,4383,-14,379,47,885.1,34.33,448,0,170,47,,,,,24.0,45,11,https://www.ge.ch/document/20094/telecharger,26.100942,8.48591
896,2020-05-19 17:03:23,2020-04-11 01:00:00,19060,GE,Genève,25,46.220528,6.132935,4432,4432,-15,364,48,894.99,35.945,463,0,178,44,,,,,20.0,49,8,https://www.ge.ch/document/20094/telecharger,30.50353,9.804899
920,2020-05-19 17:03:23,2020-04-12 01:00:00,19227,GE,Genève,25,46.220528,6.132935,4454,4454,-1,363,47,899.43,37.359,479,0,185,43,,,,,21.0,22,7,https://www.ge.ch/document/20094/telecharger,44.186112,11.263326
946,2020-05-19 17:03:23,2020-04-13 01:00:00,19504,GE,Genève,25,46.220528,6.132935,4497,4497,1,364,47,908.12,37.964,490,0,188,42,,,,,18.0,43,3,https://www.ge.ch/document/20094/telecharger,61.095162,15.348244
971,2020-05-19 17:03:23,2020-04-14 01:00:00,20046,GE,Genève,25,46.220528,6.132935,4553,4553,1,365,46,919.43,38.974,490,0,193,41,,,,,21.0,56,5,https://www.ge.ch/document/20094/telecharger,71.646165,17.884347
998,2020-05-19 17:03:23,2020-04-15 01:00:00,20471,GE,Genève,25,46.220528,6.132935,4614,4614,-13,352,41,931.74,40.186,502,0,199,37,,,,,26.0,61,6,https://www.ge.ch/document/20094/telecharger,67.476998,22.00378
1025,2020-05-19 17:03:23,2020-04-16 01:00:00,21099,GE,Genève,25,46.220528,6.132935,4682,4682,-2,350,38,945.48,41.801,520,0,207,33,,,,,27.0,68,8,https://www.ge.ch/document/20094/telecharger,63.157586,22.961741
1052,2020-05-19 17:03:23,2020-04-17 01:00:00,21489,GE,Genève,25,46.220528,6.132935,4726,4726,-21,329,39,954.36,43.013,532,0,213,33,,,,,22.0,44,6,https://www.ge.ch/document/20094/telecharger,58.467175,24.59079
1077,2020-05-19 17:03:23,2020-04-18 01:00:00,21883,GE,Genève,25,46.220528,6.132935,4771,4771,-14,315,34,963.45,43.821,553,0,217,33,,,,,20.0,45,4,https://www.ge.ch/document/20094/telecharger,58.596861,24.15898
1102,2020-05-19 17:03:23,2020-04-19 01:00:00,22037,GE,Genève,25,46.220528,6.132935,4781,4781,0,315,35,965.47,44.426,558,0,220,33,,,,,19.0,10,3,https://www.ge.ch/document/20094/telecharger,70.92707,26.468656
1128,2020-05-19 17:03:23,2020-04-20 01:00:00,22387,GE,Genève,25,46.220528,6.132935,4808,4808,6,321,34,970.92,45.032,561,0,223,29,,,,,20.0,27,3,https://www.ge.ch/document/20094/telecharger,84.148321,30.436716
1155,2020-05-19 17:03:23,2020-04-21 01:00:00,22869,GE,Genève,25,46.220528,6.132935,4842,4842,-17,304,32,977.79,46.042,581,0,228,29,,,,,18.0,34,5,https://www.ge.ch/document/20094/telecharger,103.13926,35.867219
1182,2020-05-19 17:03:23,2020-04-22 01:00:00,23291,GE,Genève,25,46.220528,6.132935,4872,4872,-16,288,30,983.84,47.254,589,0,234,27,,,,,18.0,30,6,https://www.ge.ch/document/20094/telecharger,113.909477,36.858179
1209,2020-05-19 17:03:23,2020-04-23 01:00:00,23741,GE,Genève,25,46.220528,6.132935,4906,4906,-4,284,29,990.71,48.061,592,0,238,27,,,,,21.0,34,4,https://www.ge.ch/document/20094/telecharger,124.206483,37.518798
1236,2020-05-19 17:03:23,2020-04-24 01:00:00,24083,GE,Genève,25,46.220528,6.132935,4925,4925,-6,278,26,994.55,49.071,600,0,243,25,,,,,17.0,19,5,https://www.ge.ch/document/20094/telecharger,116.791543,34.854672
1261,2020-05-19 17:03:23,2020-04-25 01:00:00,24426,GE,Genève,25,46.220528,6.132935,4942,4942,-7,271,27,997.98,49.273,600,0,244,26,,,,,18.0,17,1,https://www.ge.ch/document/20094/telecharger,126.077602,38.509694
1284,2020-05-19 17:03:23,2020-04-26 01:00:00,24600,GE,Genève,25,46.220528,6.132935,4947,4947,0,271,25,998.99,49.677,610,0,246,24,,,,,17.0,5,2,https://www.ge.ch/document/20094/telecharger,161.546608,45.610246
1310,2020-05-19 17:03:23,2020-04-27 01:00:00,25016,GE,Genève,25,46.220528,6.132935,4963,4963,-1,270,26,1002.22,50.081,610,0,248,24,,,,,15.0,16,2,https://www.ge.ch/document/20094/telecharger,187.277692,59.643387
1337,2020-05-19 17:03:23,2020-04-28 01:00:00,25530,GE,Genève,25,46.220528,6.132935,4982,4982,7,277,23,1006.06,50.283,617,0,249,21,,,,,17.0,19,1,https://www.ge.ch/document/20094/telecharger,225.450801,76.705742
1364,2020-05-19 17:03:23,2020-04-29 01:00:00,25952,GE,Genève,25,46.220528,6.132935,4999,4999,-23,254,21,1009.49,50.485,634,0,250,19,,,,,16.0,17,1,https://www.ge.ch/document/20094/telecharger,232.387335,122.035212
1391,2020-05-19 17:03:23,2020-04-30 01:00:00,26228,GE,Genève,25,46.220528,6.132935,5009,5009,-2,252,19,1011.51,51.09,640,0,253,18,,,,,18.0,10,3,https://www.ge.ch/document/20094/telecharger,257.365797,95.682358
1418,2020-05-19 17:03:23,2020-05-01 01:00:00,26662,GE,Genève,25,46.220528,6.132935,5027,5027,-10,242,18,1015.15,51.494,658,0,255,17,,,,,15.0,18,2,https://www.ge.ch/document/20094/telecharger,216.040679,96.452605
1444,2020-05-19 17:03:23,2020-05-02 01:00:00,26928,GE,Genève,25,46.220528,6.132935,5032,5032,-7,235,17,1016.16,51.898,660,0,257,17,,,,,16.0,5,2,https://www.ge.ch/document/20094/telecharger,251.010725,97.222851
1468,2020-05-19 17:03:23,2020-05-03 01:00:00,27083,GE,Genève,25,46.220528,6.132935,5038,5038,3,238,17,1017.37,52.1,660,0,258,16,,,,,15.0,6,1,https://www.ge.ch/document/20094/telecharger,310.056359,97.607973
1493,2020-05-19 17:03:23,2020-05-04 01:00:00,27452,GE,Genève,25,46.220528,6.132935,5044,5044,-2,236,17,1018.58,52.302,661,0,259,16,,,,,12.0,6,1,https://www.ge.ch/document/20094/telecharger,386.73503,97.993095
1520,2020-05-19 17:03:23,2020-05-05 01:00:00,28001,GE,Genève,25,46.220528,6.132935,5053,5053,-2,234,17,1020.4,52.302,664,0,259,16,,,,,11.0,9,0,https://www.ge.ch/document/20094/telecharger,396.272868,147.864629
1547,2020-05-19 17:03:23,2020-05-06 01:00:00,28432,GE,Genève,25,46.220528,6.132935,5060,5060,-3,231,16,1021.81,52.504,671,0,260,15,,,,,11.0,7,1,https://www.ge.ch/document/20094/telecharger,529.678081,178.479791
1573,2020-05-19 17:03:23,2020-05-07 01:00:00,28760,GE,Genève,25,46.220528,6.132935,5067,5067,-17,214,15,1023.22,53.312,686,0,264,13,,,,,9.0,7,4,https://www.ge.ch/document/20094/telecharger,500.004668,128.967125
1599,2020-05-19 17:03:23,2020-05-08 01:00:00,29090,GE,Genève,25,46.220528,6.132935,5073,5073,-6,208,11,1024.43,53.312,694,0,264,9,,,,,9.0,6,0,https://www.ge.ch/document/20094/telecharger,500.598796,150.752872
1625,2020-05-19 17:03:23,2020-05-09 01:00:00,29415,GE,Genève,25,46.220528,6.132935,5082,5082,-9,199,9,1026.25,53.716,700,0,266,7,,,,,11.0,9,2,https://www.ge.ch/document/20094/telecharger,461.76154,129.957394
1647,2020-05-19 17:03:23,2020-05-10 01:00:00,29598,GE,Genève,25,46.220528,6.132935,5083,5083,-1,198,8,1026.45,54.12,707,0,268,7,,,,,13.0,1,2,https://www.ge.ch/document/20094/telecharger,585.476609,101.45918
1670,2020-05-19 17:03:23,2020-05-11 01:00:00,30001,GE,Genève,25,46.220528,6.132935,5088,5088,-2,196,7,1027.46,54.12,709,0,268,6,,,,,12.0,5,0,https://www.ge.ch/document/20094/telecharger,628.039262,114.360532
1697,2020-05-19 17:03:23,2020-05-12 01:00:00,30549,GE,Genève,25,46.220528,6.132935,5098,5098,-3,193,5,1029.48,54.321,711,0,269,5,,,,,12.0,10,1,https://www.ge.ch/document/20094/telecharger,568.21123,184.718305
1722,2020-05-19 17:03:23,2020-05-13 01:00:00,31018,GE,Genève,25,46.220528,6.132935,5102,5102,-7,186,6,1030.29,54.321,722,0,269,6,,,,,10.0,4,0,https://www.ge.ch/document/20094/telecharger,607.995988,184.718305
1748,2020-05-19 17:03:23,2020-05-14 01:00:00,31463,GE,Genève,25,46.220528,6.132935,5110,5110,-11,175,6,1031.91,54.321,734,0,269,6,,,,,9.0,8,0,https://www.ge.ch/document/20094/telecharger,630.762347,309.024879
1774,2020-05-19 17:03:23,2020-05-15 01:00:00,31995,GE,Genève,25,46.220528,6.132935,5115,5115,-1,174,6,1032.92,54.321,736,0,269,6,,,,,8.0,5,0,https://www.ge.ch/document/20094/telecharger,552.241543,930.549014
1798,2020-05-19 17:03:23,2020-05-16 01:00:00,32284,GE,Genève,25,46.220528,6.132935,5117,5117,-7,167,5,1033.32,54.523,737,0,270,5,,,,,7.0,2,1,https://www.ge.ch/document/20094/telecharger,609.788615,466.139332
1818,2020-05-19 17:03:23,2020-05-17 01:00:00,32468,GE,Genève,25,46.220528,6.132935,5118,5118,0,167,4,1033.52,54.523,738,0,270,4,,,,,9.0,1,0,https://www.ge.ch/document/20094/telecharger,885.147819,934.014754
1840,2020-05-19 17:03:23,2020-05-18 10:00:00,32468,GE,Genève,25,46.220528,6.132935,5118,5118,4,171,5,1033.52,54.523,739,0,270,4,,,,,11.0,0,0,https://www.ge.ch/document/20094/telecharger,1106.8685,934.014754
