,last_update,timestamp,tests_performed,abbreviation_canton,name_canton,number_canton,lat,long,total_positive_cases,total_currently_positive_cases,new_hosp,total_hospitalized,intensive_care,total_currently_positive_per_100k,deaths_per_100k,released,ncumul_ICU_intub,deaths,ncumul_vent,current_isolated,current_quarantined,ncumul_confirmed_non_resident,current_hosp_non_resident,TotalPosTests1,ninst_ICU_intub,ncumul_ICF,new_positive_cases,new_deaths,source,doubling_time_total_positive,doubling_time_fatalities
76,2020-06-07 13:04:12,2020-03-04 17:00:00,,LU,Luzern,03,47.067763,8.1102,0,0,0,,,0.0,,,0,,,,,,,,,,0,0,https://web.archive.org/web/20200304173939/https://gesundheit.lu.ch/themen/Humanmedizin/Infektionskrankheiten/Coronavirus,0.0,0.0
299,2020-06-07 13:04:12,2020-03-18 15:00:00,,LU,Luzern,03,47.067763,8.1102,65,65,0,,,15.99,,,0,,,,,,,,,,65,0,https://web.archive.org/web/20200318191404/https://gesundheit.lu.ch/themen/Humanmedizin/Infektionskrankheiten/Coronavirus,0.0,0.0
342,2020-06-07 13:04:12,2020-03-20 08:40:00,,LU,Luzern,03,47.067763,8.1102,92,92,0,,,22.63,,,0,,,,,,,,,,27,0,https://gesundheit.lu.ch/themen/Humanmedizin/Infektionskrankheiten/Coronavirus,0.0,0.0
365,2020-06-07 13:04:12,2020-03-21 10:00:00,,LU,Luzern,03,47.067763,8.1102,109,109,0,,,26.81,0.246,,0,1,,,,,,,,,17,0,https://gesundheit.lu.ch/themen/Humanmedizin/Infektionskrankheiten/Coronavirus;https://newsletter.lu.ch/inxmail/html_mail.jsp?params=7UGt4J1Fx6OIONHlV9upAAuOzkQ6ZmQA%2FxRrLjJkeDWZdweUdKfwhAE94i2Apium%2F6rIvcF2Z5MaTtV52A77W2jrwVmrkZ8UhFPVmHC4iuI%3D,0.0,0.0
385,2020-06-07 13:04:12,2020-03-22 10:00:00,,LU,Luzern,03,47.067763,8.1102,131,131,0,,,32.23,0.246,,0,1,,,,,,,,,22,0,https://gesundheit.lu.ch/themen/Humanmedizin/Infektionskrankheiten/Coronavirus,0.0,0.0
406,2020-06-07 13:04:12,2020-03-23 10:00:00,,LU,Luzern,03,47.067763,8.1102,156,156,0,,,38.38,0.246,,0,1,,,,,,,,,25,0,https://gesundheit.lu.ch/themen/Humanmedizin/Infektionskrankheiten/Coronavirus,0.0,0.0
432,2020-06-07 13:04:12,2020-03-24 10:00:00,,LU,Luzern,03,47.067763,8.1102,205,205,0,,,50.43,0.492,,0,2,,,,,,,,,49,1,https://gesundheit.lu.ch/themen/Humanmedizin/Infektionskrankheiten/Coronavirus,3.017297,0.0
459,2020-06-07 13:04:12,2020-03-25 10:00:00,,LU,Luzern,03,47.067763,8.1102,228,228,0,,,56.09,0.492,,0,2,,,,,,,,,23,0,https://gesundheit.lu.ch/themen/Humanmedizin/Infektionskrankheiten/Coronavirus,3.818753,0.0
485,2020-06-07 13:04:12,2020-03-26 10:00:00,,LU,Luzern,03,47.067763,8.1102,253,253,0,,,62.24,0.738,,0,3,,,,,,,,,25,1,https://gesundheit.lu.ch/themen/Humanmedizin/Infektionskrankheiten/Coronavirus,4.115873,3.154649
512,2020-06-07 13:04:12,2020-03-27 10:00:00,,LU,Luzern,03,47.067763,8.1102,287,287,0,,,70.6,0.738,,0,3,,,,,,,,,34,0,https://gesundheit.lu.ch/themen/Humanmedizin/Infektionskrankheiten/Coronavirus,4.418976,3.154649
538,2020-06-07 13:04:12,2020-03-28 10:00:00,,LU,Luzern,03,47.067763,8.1102,317,317,0,,,77.98,0.984,,0,4,,,,,,,,,30,1,https://gesundheit.lu.ch/themen/Humanmedizin/Infektionskrankheiten/Coronavirus,4.887887,2.5
562,2020-06-07 13:04:12,2020-03-29 09:00:00,,LU,Luzern,03,47.067763,8.1102,339,339,0,,,83.39,1.23,,0,5,,,,,,,,,22,1,https://gesundheit.lu.ch/themen/Humanmedizin/Infektionskrankheiten/Coronavirus,6.890266,3.782354
588,2020-06-07 13:04:12,2020-03-30 09:00:00,,LU,Luzern,03,47.067763,8.1102,351,351,0,,,86.35,1.476,,0,6,,,,,,,,,12,1,https://gesundheit.lu.ch/themen/Humanmedizin/Infektionskrankheiten/Coronavirus,8.032939,3.154649
614,2020-06-07 13:04:12,2020-03-31 09:00:00,,LU,Luzern,03,47.067763,8.1102,375,375,0,,,92.25,1.722,,0,7,,,,,,,,,24,1,https://gesundheit.lu.ch/themen/Humanmedizin/Infektionskrankheiten/Coronavirus,8.806643,4.090339
640,2020-06-07 13:04:12,2020-04-01 09:00:00,,LU,Luzern,03,47.067763,8.1102,401,401,0,57,12,98.65,1.722,,0,7,,,,,,,,,26,0,https://gesundheit.lu.ch/themen/Humanmedizin/Infektionskrankheiten/Coronavirus,10.361588,4.090339
667,2020-06-07 13:04:12,2020-04-02 09:00:00,,LU,Luzern,03,47.067763,8.1102,422,422,9,66,11,103.81,1.722,,0,7,,,,,,,,,21,0,https://gesundheit.lu.ch/themen/Humanmedizin/Infektionskrankheiten/Coronavirus,12.113572,6.193063
694,2020-06-07 13:04:12,2020-04-03 09:00:00,,LU,Luzern,03,47.067763,8.1102,449,449,-17,49,12,110.46,1.722,,0,7,,,,,,,,,27,0,https://gesundheit.lu.ch/themen/Humanmedizin/Infektionskrankheiten/Coronavirus,12.33258,10.300214
720,2020-06-07 13:04:12,2020-04-04 09:00:00,,LU,Luzern,03,47.067763,8.1102,469,469,0,49,12,115.38,1.722,,0,7,,,,,,,,,20,0,https://gesundheit.lu.ch/themen/Humanmedizin/Infektionskrankheiten/Coronavirus,11.958378,22.482781
744,2020-06-07 13:04:12,2020-04-05 09:00:00,,LU,Luzern,03,47.067763,8.1102,478,478,0,49,12,117.59,2.214,,0,9,,,,,,,,,9,2,https://gesundheit.lu.ch/themen/Humanmedizin/Infektionskrankheiten/Coronavirus,14.280817,13.790437
769,2020-06-07 13:04:12,2020-04-06 09:00:00,,LU,Luzern,03,47.067763,8.1102,497,497,12,61,6,122.26,2.214,,0,9,,,,,,,,,19,0,https://gesundheit.lu.ch/themen/Humanmedizin/Infektionskrankheiten/Coronavirus,16.147596,13.790437
796,2020-06-07 13:04:12,2020-04-07 09:00:00,,LU,Luzern,03,47.067763,8.1102,509,509,-4,57,6,125.22,2.214,,0,9,,,,,,,,,12,0,https://gesundheit.lu.ch/themen/Humanmedizin/Infektionskrankheiten/Coronavirus,18.489575,13.790437
822,2020-06-07 13:04:12,2020-04-08 09:00:00,,LU,Luzern,03,47.067763,8.1102,527,527,0,57,6,129.64,2.214,,0,9,,,,,,,,,18,0,https://gesundheit.lu.ch/themen/Humanmedizin/Infektionskrankheiten/Coronavirus,21.636824,13.790437
848,2020-06-07 13:04:12,2020-04-09 11:00:00,,LU,Luzern,03,47.067763,8.1102,542,542,0,62,6,133.33,2.214,,0,9,,,,,,,,,15,0,https://gesundheit.lu.ch/themen/Humanmedizin/Infektionskrankheiten/Coronavirus,23.957268,13.790437
874,2020-06-07 13:04:12,2020-04-10 11:00:00,,LU,Luzern,03,47.067763,8.1102,560,560,7,69,6,137.76,2.214,,0,9,,,,,,,,,18,0,https://gesundheit.lu.ch/themen/Humanmedizin/Infektionskrankheiten/Coronavirus,21.889865,
900,2020-06-07 13:04:12,2020-04-11 09:00:00,,LU,Luzern,03,47.067763,8.1102,568,568,0,69,6,139.73,2.46,,0,10,,,,,,,,,8,1,https://gesundheit.lu.ch/themen/Humanmedizin/Infektionskrankheiten/Coronavirus,25.954465,32.894067
924,2020-06-07 13:04:12,2020-04-12 09:00:00,,LU,Luzern,03,47.067763,8.1102,576,576,0,60,5,141.7,2.46,,0,10,,,,,,,,,8,0,https://gesundheit.lu.ch/themen/Humanmedizin/Infektionskrankheiten/Coronavirus,28.02641,32.894067
950,2020-06-07 13:04:12,2020-04-13 09:00:00,,LU,Luzern,03,47.067763,8.1102,580,580,-20,40,5,142.68,2.46,,0,10,,,,,,,,,4,0,https://gesundheit.lu.ch/themen/Humanmedizin/Infektionskrankheiten/Coronavirus,36.166381,32.894067
975,2020-06-07 13:04:12,2020-04-14 09:00:00,,LU,Luzern,03,47.067763,8.1102,589,589,7,47,4,144.9,2.706,,0,11,,,,,,,,,9,1,https://gesundheit.lu.ch/themen/Humanmedizin/Infektionskrankheiten/Coronavirus,41.675425,17.270762
1002,2020-06-07 13:04:12,2020-04-15 09:00:00,,LU,Luzern,03,47.067763,8.1102,596,596,-1,46,4,146.62,2.952,,0,12,,,,,,,,,7,1,https://gesundheit.lu.ch/themen/Humanmedizin/Infektionskrankheiten/Coronavirus,55.626322,12.047104
1029,2020-06-07 13:04:12,2020-04-16 10:30:00,,LU,Luzern,03,47.067763,8.1102,599,599,-6,40,3,147.36,3.198,,0,13,,,,,,,,,3,1,https://gesundheit.lu.ch/themen/Humanmedizin/Infektionskrankheiten/Coronavirus,65.218747,13.209634
1056,2020-06-07 13:04:12,2020-04-17 09:00:00,,LU,Luzern,03,47.067763,8.1102,607,607,0,40,3,149.32,3.444,,0,14,,,,,,,,,8,1,https://gesundheit.lu.ch/themen/Humanmedizin/Infektionskrankheiten/Coronavirus,66.113338,10.300214
1081,2020-06-07 13:04:12,2020-04-18 10:30:00,,LU,Luzern,03,47.067763,8.1102,623,623,-14,26,4,153.26,3.69,,0,15,,,,,,,,,16,1,https://gesundheit.lu.ch/themen/Humanmedizin/Infektionskrankheiten/Coronavirus,48.45935,8.547556
1106,2020-06-07 13:04:12,2020-04-19 09:00:00,,LU,Luzern,03,47.067763,8.1102,626,626,0,26,4,154.0,3.69,,0,15,,,,,,,,,3,0,https://gesundheit.lu.ch/themen/Humanmedizin/Infektionskrankheiten/Coronavirus,56.886042,11.174209
1132,2020-06-07 13:04:12,2020-04-20 09:00:00,,LU,Luzern,03,47.067763,8.1102,633,633,7,33,5,155.72,3.69,,0,15,,,,,,,,,7,0,https://gesundheit.lu.ch/themen/Humanmedizin/Infektionskrankheiten/Coronavirus,57.541923,15.531419
1159,2020-06-07 13:04:12,2020-04-21 10:00:00,,LU,Luzern,03,47.067763,8.1102,643,643,2,35,5,158.18,3.69,,0,15,,,,,,,,,10,0,https://gesundheit.lu.ch/themen/Humanmedizin/Infektionskrankheiten/Coronavirus,48.893666,24.218836
1186,2020-06-07 13:04:12,2020-04-22 09:00:00,,LU,Luzern,03,47.067763,8.1102,648,648,0,35,5,159.41,3.69,,0,15,,,,,,,,,5,0,https://gesundheit.lu.ch/themen/Humanmedizin/Infektionskrankheiten/Coronavirus,53.023789,50.233246
1213,2020-06-07 13:04:12,2020-04-23 09:00:00,,LU,Luzern,03,47.067763,8.1102,654,654,0,38,7,160.89,3.69,,0,15,,,,,,,,,6,0,https://gesundheit.lu.ch/themen/Humanmedizin/Infektionskrankheiten/Coronavirus,71.368955,
1240,2020-06-07 13:04:12,2020-04-24 09:00:00,,LU,Luzern,03,47.067763,8.1102,660,660,0,38,7,162.36,3.936,,0,16,,,,,,,,,6,1,https://gesundheit.lu.ch/themen/Humanmedizin/Infektionskrankheiten/Coronavirus,65.527908,53.700268
1265,2020-06-07 13:04:12,2020-04-25 10:00:00,,LU,Luzern,03,47.067763,8.1102,667,667,0,32,8,164.08,3.936,,0,16,,,,,,,,,7,0,https://gesundheit.lu.ch/themen/Humanmedizin/Infektionskrankheiten/Coronavirus,66.241606,53.700268
1288,2020-06-07 13:04:12,2020-04-26 10:00:00,,LU,Luzern,03,47.067763,8.1102,670,670,-6,26,7,164.82,3.936,,0,16,,,,,,,,,3,0,https://gesundheit.lu.ch/themen/Humanmedizin/Infektionskrankheiten/Coronavirus,84.256847,53.700268
1314,2020-06-07 13:04:12,2020-04-27 10:00:00,,LU,Luzern,03,47.067763,8.1102,674,674,6,32,7,165.81,3.936,,0,16,,,,,,,,,4,0,https://gesundheit.lu.ch/themen/Humanmedizin/Infektionskrankheiten/Coronavirus,88.098309,53.700268
1341,2020-06-07 13:04:12,2020-04-28 01:00:00,,LU,Luzern,03,47.067763,8.1102,677,677,-3,29,7,166.54,4.182,,0,17,,,,,,,,,3,1,https://gesundheit.lu.ch/themen/Humanmedizin/Infektionskrankheiten/Coronavirus,100.270333,27.689748
1368,2020-06-07 13:04:12,2020-04-29 01:00:00,,LU,Luzern,03,47.067763,8.1102,687,687,2,31,8,169.0,4.182,,0,17,,,,,,,,,10,0,https://gesundheit.lu.ch/themen/Humanmedizin/Infektionskrankheiten/Coronavirus,86.439277,57.167134
1395,2020-06-07 13:04:12,2020-04-30 01:00:00,,LU,Luzern,03,47.067763,8.1102,694,694,0,31,8,170.73,4.182,,0,17,,,,,,,,,7,0,https://gesundheit.lu.ch/themen/Humanmedizin/Infektionskrankheiten/Coronavirus,87.337921,57.167134
1422,2020-06-07 13:04:12,2020-05-01 01:00:00,,LU,Luzern,03,47.067763,8.1102,703,703,9,40,8,172.94,4.182,,0,17,,,,,,,,,9,0,https://gesundheit.lu.ch/themen/Humanmedizin/Infektionskrankheiten/Coronavirus,72.083924,57.167134
1448,2020-06-07 13:04:12,2020-05-02 01:00:00,,LU,Luzern,03,47.067763,8.1102,704,704,0,40,8,173.19,4.182,,0,17,,,,,,,,,1,0,https://gesundheit.lu.ch/themen/Humanmedizin/Infektionskrankheiten/Coronavirus,79.583824,57.167134
1472,2020-06-07 13:04:12,2020-05-03 01:00:00,,LU,Luzern,03,47.067763,8.1102,705,705,0,40,7,173.43,4.428,,0,18,,,,,,,,,1,1,https://gesundheit.lu.ch/themen/Humanmedizin/Infektionskrankheiten/Coronavirus,85.517707,60.633871
1497,2020-06-07 13:04:12,2020-05-04 01:00:00,,LU,Luzern,03,47.067763,8.1102,705,705,-6,34,6,173.43,4.428,,0,18,,,,,,,,,0,0,https://gesundheit.lu.ch/themen/Humanmedizin/Infektionskrankheiten/Coronavirus,134.000985,60.633871
1524,2020-06-07 13:04:12,2020-05-05 01:00:00,,LU,Luzern,03,47.067763,8.1102,706,706,3,37,6,173.68,4.428,,0,18,,,,,,,,,1,0,https://gesundheit.lu.ch/themen/Humanmedizin/Infektionskrankheiten/Coronavirus,202.162977,60.633871
1551,2020-06-07 13:04:12,2020-05-06 01:00:00,,LU,Luzern,03,47.067763,8.1102,709,709,-5,32,6,174.42,4.428,,0,18,,,,,,,,,3,0,https://gesundheit.lu.ch/themen/Humanmedizin/Infektionskrankheiten/Coronavirus,407.799137,60.633871
1577,2020-06-07 13:04:12,2020-05-07 01:00:00,,LU,Luzern,03,47.067763,8.1102,710,710,-1,31,6,174.66,4.674,,0,19,,,,,,,,,1,1,https://gesundheit.lu.ch/themen/Humanmedizin/Infektionskrankheiten/Coronavirus,408.376763,31.159507
1603,2020-06-07 13:04:12,2020-05-08 01:00:00,,LU,Luzern,03,47.067763,8.1102,713,713,-3,28,6,175.4,4.674,,0,19,,,,,,,,,3,0,https://gesundheit.lu.ch/themen/Humanmedizin/Infektionskrankheiten/Coronavirus,307.147586,64.1005
1629,2020-06-07 13:04:12,2020-05-09 01:00:00,,LU,Luzern,03,47.067763,8.1102,713,713,0,28,6,175.4,4.674,,0,19,,,,,,,,,0,0,https://gesundheit.lu.ch/themen/Humanmedizin/Infektionskrankheiten/Coronavirus,307.147586,64.1005
1651,2020-06-07 13:04:12,2020-05-10 01:00:00,,LU,Luzern,03,47.067763,8.1102,713,713,0,28,6,175.4,4.674,,0,19,,,,,,,,,0,0,https://gesundheit.lu.ch/themen/Humanmedizin/Infektionskrankheiten/Coronavirus,351.27424,64.1005
1674,2020-06-07 13:04:12,2020-05-11 01:00:00,,LU,Luzern,03,47.067763,8.1102,713,713,0,29,5,175.4,4.674,,0,19,,,,,,,,,0,0,https://gesundheit.lu.ch/themen/Humanmedizin/Infektionskrankheiten/Coronavirus,616.032932,64.1005
1701,2020-06-07 13:04:12,2020-05-12 01:00:00,,LU,Luzern,03,47.067763,8.1102,715,715,3,32,5,175.89,4.674,,0,19,,,,,,,,,2,0,https://gesundheit.lu.ch/themen/Humanmedizin/Infektionskrankheiten/Coronavirus,493.865339,
1726,2020-06-07 13:04:12,2020-05-13 01:00:00,,LU,Luzern,03,47.067763,8.1102,715,715,-3,29,4,175.89,4.674,,0,19,,,,,,,,,0,0,https://gesundheit.lu.ch/themen/Humanmedizin/Infektionskrankheiten/Coronavirus,1237.266908,
1752,2020-06-07 13:04:12,2020-05-14 01:00:00,,LU,Luzern,03,47.067763,8.1102,715,715,0,29,4,175.89,4.674,,0,19,,,,,,,,,0,0,https://gesundheit.lu.ch/themen/Humanmedizin/Infektionskrankheiten/Coronavirus,1237.266908,
1778,2020-06-07 13:04:12,2020-05-15 01:00:00,,LU,Luzern,03,47.067763,8.1102,715,715,-2,27,4,175.89,4.92,,0,20,,,,,,,,,0,1,https://gesundheit.lu.ch/themen/Humanmedizin/Infektionskrankheiten/Coronavirus,1237.266908,67.567037
1801,2020-06-07 13:04:12,2020-05-16 01:00:00,,LU,Luzern,03,47.067763,8.1102,719,719,0,27,4,176.88,4.92,,0,20,,,,,,,,,4,0,https://gesundheit.lu.ch/themen/Humanmedizin/Infektionskrankheiten/Coronavirus,413.575398,67.567037
1821,2020-06-07 13:04:12,2020-05-17 01:00:00,,LU,Luzern,03,47.067763,8.1102,723,723,0,27,4,177.86,4.92,,0,20,,,,,,,,,4,0,https://gesundheit.lu.ch/themen/Humanmedizin/Infektionskrankheiten/Coronavirus,311.479801,67.567037
1844,2020-06-07 13:04:12,2020-05-18 01:00:00,,LU,Luzern,03,47.067763,8.1102,726,726,0,26,4,178.6,4.92,,0,20,,,,,,,,,3,0,https://gesundheit.lu.ch/themen/Humanmedizin/Infektionskrankheiten/Coronavirus,227.001292,67.567037
1869,2020-06-07 13:04:12,2020-05-19 01:00:00,,LU,Luzern,03,47.067763,8.1102,727,727,-3,23,4,178.84,4.92,,0,20,,,,,,,,,1,0,https://gesundheit.lu.ch/themen/Humanmedizin/Infektionskrankheiten/Coronavirus,208.228159,67.567037
1896,2020-06-07 13:04:12,2020-05-20 01:00:00,,LU,Luzern,03,47.067763,8.1102,732,732,-4,19,3,180.07,4.92,,0,20,,,,,,,,,5,0,https://gesundheit.lu.ch/themen/Humanmedizin/Infektionskrankheiten/Coronavirus,147.490856,
1944,2020-06-07 13:04:12,2020-05-22 01:00:00,,LU,Luzern,03,47.067763,8.1102,733,733,0,19,3,180.32,4.92,,0,20,,,,,,,,,1,0,https://gesundheit.lu.ch/themen/Humanmedizin/Infektionskrankheiten/Coronavirus,179.717592,
1964,2020-06-07 13:04:12,2020-05-23 01:00:00,,LU,Luzern,03,47.067763,8.1102,733,733,0,19,3,180.32,4.92,,0,20,,,,,,,,,0,0,https://gesundheit.lu.ch/themen/Humanmedizin/Infektionskrankheiten/Coronavirus,252.301606,
1984,2020-06-07 13:04:12,2020-05-24 01:00:00,,LU,Luzern,03,47.067763,8.1102,733,733,0,19,3,180.32,4.92,,0,20,,,,,,,,,0,0,https://gesundheit.lu.ch/themen/Humanmedizin/Infektionskrankheiten/Coronavirus,361.17642,
2007,2020-06-07 13:04:12,2020-05-25 01:00:00,,LU,Luzern,03,47.067763,8.1102,733,733,0,25,4,180.32,4.92,,0,20,,,,,,,,,0,0,https://gesundheit.lu.ch/themen/Humanmedizin/Infektionskrankheiten/Coronavirus,421.662161,
2032,2020-06-07 13:04:12,2020-05-26 01:00:00,,LU,Luzern,03,47.067763,8.1102,734,734,0,25,4,180.57,4.92,,0,20,,,,,,,,,1,0,https://gesundheit.lu.ch/themen/Humanmedizin/Infektionskrankheiten/Coronavirus,1270.19142,
2059,2020-06-07 13:04:12,2020-05-27 01:00:00,,LU,Luzern,03,47.067763,8.1102,735,735,1,26,4,180.81,4.92,,0,20,,,,,,,,,1,0,https://gesundheit.lu.ch/themen/Humanmedizin/Infektionskrankheiten/Coronavirus,1271.924289,
2085,2020-06-07 13:04:12,2020-05-28 01:00:00,,LU,Luzern,03,47.067763,8.1102,735,735,0,26,4,180.81,4.92,,0,20,,,,,,,,,0,0,https://gesundheit.lu.ch/themen/Humanmedizin/Infektionskrankheiten/Coronavirus,1271.924289,
2111,2020-06-07 13:04:12,2020-05-29 01:00:00,,LU,Luzern,03,47.067763,8.1102,735,735,0,26,5,180.81,4.92,,0,20,,,,,,,,,0,0,https://gesundheit.lu.ch/themen/Humanmedizin/Infektionskrankheiten/Coronavirus,1271.924289,
2134,2020-06-07 13:04:12,2020-05-30 01:00:00,,LU,Luzern,03,47.067763,8.1102,735,735,0,26,5,180.81,4.92,,0,20,,,,,,,,,0,0,https://gesundheit.lu.ch/themen/Humanmedizin/Infektionskrankheiten/Coronavirus,1271.924289,
2153,2020-06-07 13:04:12,2020-05-31 01:00:00,,LU,Luzern,03,47.067763,8.1102,735,735,0,26,5,180.81,4.92,,0,20,,,,,,,,,0,0,https://gesundheit.lu.ch/themen/Humanmedizin/Infektionskrankheiten/Coronavirus,2545.582627,
2173,2020-06-07 13:04:12,2020-06-01 01:00:00,,LU,Luzern,03,47.067763,8.1102,735,735,0,26,5,180.81,4.92,,0,20,,,,,,,,,0,0,https://gesundheit.lu.ch/themen/Humanmedizin/Infektionskrankheiten/Coronavirus,,
2195,2020-06-07 13:04:12,2020-06-02 01:00:00,,LU,Luzern,03,47.067763,8.1102,735,735,0,26,5,180.81,4.92,,0,20,,,,,,,,,0,0,https://gesundheit.lu.ch/themen/Humanmedizin/Infektionskrankheiten/Coronavirus,,
2221,2020-06-07 13:04:12,2020-06-03 01:00:00,,LU,Luzern,03,47.067763,8.1102,735,735,0,20,5,180.81,4.92,,0,20,,,,,,,,,0,0,https://gesundheit.lu.ch/themen/Humanmedizin/Infektionskrankheiten/Coronavirus,,
2245,2020-06-07 13:04:12,2020-06-04 01:00:00,,LU,Luzern,03,47.067763,8.1102,735,735,0,20,5,180.81,4.92,,0,20,,,,,,,,,0,0,https://gesundheit.lu.ch/themen/Humanmedizin/Infektionskrankheiten/Coronavirus,,
2266,2020-06-07 13:04:12,2020-06-05 01:00:00,,LU,Luzern,03,47.067763,8.1102,735,735,0,20,5,180.81,4.92,,0,20,,,,,,,,,0,0,https://gesundheit.lu.ch/themen/Humanmedizin/Infektionskrankheiten/Coronavirus,,
