,last_update,timestamp,tests_performed,abbreviation_canton,name_canton,number_canton,lat,long,total_positive_cases,total_currently_positive_cases,new_hosp,total_hospitalized,intensive_care,total_currently_positive_per_100k,deaths_per_100k,released,ncumul_ICU_intub,deaths,ncumul_vent,current_isolated,current_quarantined,TotalPosTests1,ninst_ICU_intub,ncumul_confirmed_non_resident,current_hosp_non_resident,ncumul_ICF,new_positive_cases,new_deaths,source,doubling_time_total_positive,doubling_time_fatalities
89,2020-07-19 19:04:36,2020-03-02 02:00:00,,SG,St. Gallen,17,47.1832,9.274744,0,0,0,,,0.0,,,0,,,,,,,,,,0,0,https://www.sg.ch/news/sgch_allgemein/2020/03/zwei-personen-in-quarantaene---kein-bestaetigter-fall.html,0.0,0.0
120,2020-07-19 19:04:36,2020-03-04 05:35:00,,SG,St. Gallen,17,47.1832,9.274744,1,1,0,,,0.2,,,0,,,,,,,,,,1,0,https://www.sg.ch/news/sgch_allgemein/2020/03/erster-bestaetigter-corona-fall-im-kanton-.html,0.0,0.0
152,2020-07-19 19:04:36,2020-03-06 14:38:00,,SG,St. Gallen,17,47.1832,9.274744,2,2,0,,,0.4,,,0,,,,,,,,,,1,0,https://www.sg.ch/news/sgch_allgemein/2020/03/zweiter-bestaetigter-fall-einer-corona-patientin.html,0.0,0.0
252,2020-07-19 19:04:36,2020-03-12 02:00:00,,SG,St. Gallen,17,47.1832,9.274744,15,15,0,,,2.97,,,0,,,,,,,,,,13,0,https://www.sg.ch/tools/informationen-coronavirus.html,0.0,0.0
348,2020-07-19 19:04:36,2020-03-17 02:00:00,,SG,St. Gallen,17,47.1832,9.274744,47,47,0,,,9.31,,,0,,,,,,,,,,32,0,https://www.sg.ch/tools/informationen-coronavirus.html,0.0,0.0
370,2020-07-19 19:04:36,2020-03-18 02:00:00,,SG,St. Gallen,17,47.1832,9.274744,61,61,0,,,12.09,,,0,,,,,,,,,,14,0,https://www.sg.ch/tools/informationen-coronavirus.html,0.0,0.0
392,2020-07-19 19:04:36,2020-03-19 02:00:00,,SG,St. Gallen,17,47.1832,9.274744,85,85,0,,,16.84,,,0,,,,,,,,,,24,0,https://www.sg.ch/tools/informationen-coronavirus.html,0.780105,0.0
414,2020-07-19 19:04:36,2020-03-20 02:00:00,,SG,St. Gallen,17,47.1832,9.274744,98,98,0,,,19.42,,,0,,,,,,,,,,13,0,https://www.sg.ch/tools/informationen-coronavirus.html,0.890518,0.0
479,2020-07-19 19:04:36,2020-03-23 02:00:00,,SG,St. Gallen,17,47.1832,9.274744,185,185,0,,,36.66,0.198,,0,1,,,,,,,,,87,0,https://www.sg.ch/tools/informationen-coronavirus.html,1.379504,0.0
505,2020-07-19 19:04:36,2020-03-24 02:00:00,,SG,St. Gallen,17,47.1832,9.274744,200,200,0,,,39.63,0.198,,0,1,,,,,,,,,15,0,https://www.sg.ch/tools/informationen-coronavirus.html,2.393183,0.0
532,2020-07-19 19:04:36,2020-03-25 02:00:00,,SG,St. Gallen,17,47.1832,9.274744,228,228,0,,,45.18,0.198,,0,1,,,,,,,,,28,0,https://www.sg.ch/tools/informationen-coronavirus.html,2.628601,0.0
558,2020-07-19 19:04:36,2020-03-26 02:00:00,,SG,St. Gallen,17,47.1832,9.274744,280,280,0,,,55.48,0.198,,0,1,,,,,,,,,52,0,https://www.sg.ch/tools/informationen-coronavirus.html,2.907159,0.0
585,2020-07-19 19:04:36,2020-03-27 02:00:00,,SG,St. Gallen,17,47.1832,9.274744,306,306,0,,,60.63,0.396,,0,2,,,,,,,,,26,1,https://www.sg.ch/tools/informationen-coronavirus.html,3.04381,0.0
610,2020-07-19 19:04:36,2020-03-28 02:00:00,,SG,St. Gallen,17,47.1832,9.274744,339,339,0,,,67.17,0.991,,0,5,,,,,,,,,33,3,https://www.sg.ch/tools/informationen-coronavirus.html,5.722395,2.153383
634,2020-07-19 19:04:36,2020-03-29 01:00:00,,SG,St. Gallen,17,47.1832,9.274744,365,365,0,,,72.32,0.991,,0,5,,,,,,,,,26,0,https://www.sg.ch/tools/informationen-coronavirus.html,5.761056,2.153383
661,2020-07-19 19:04:36,2020-03-30 01:00:00,,SG,St. Gallen,17,47.1832,9.274744,389,389,0,,,77.08,1.387,,0,7,,,,,,,,,24,2,https://www.sg.ch/tools/informationen-coronavirus.html,6.487303,1.781036
687,2020-07-19 19:04:36,2020-03-31 01:00:00,,SG,St. Gallen,17,47.1832,9.274744,394,394,0,,,78.07,1.387,,0,7,,,,,,,,,5,0,https://www.sg.ch/tools/informationen-coronavirus.html,10.146746,1.781036
713,2020-07-19 19:04:36,2020-04-01 01:00:00,,SG,St. Gallen,17,47.1832,9.274744,414,414,0,,,82.03,1.387,,0,7,,,,,,,,,20,0,https://www.sg.ch/tools/informationen-coronavirus.html,11.465284,2.766474
740,2020-07-19 19:04:36,2020-04-02 01:00:00,,SG,St. Gallen,17,47.1832,9.274744,455,455,0,64,11,90.15,1.585,49,0,8,,,,,,,,,41,1,https://www.sg.ch/tools/informationen-coronavirus.html,11.776308,7.373849
767,2020-07-19 19:04:36,2020-04-03 01:00:00,,SG,St. Gallen,17,47.1832,9.274744,480,480,11,75,12,95.11,1.585,50,0,8,,,,,,,,,25,0,https://www.sg.ch/tools/informationen-coronavirus.html,12.653809,7.373849
792,2020-07-19 19:04:36,2020-04-04 01:00:00,,SG,St. Gallen,17,47.1832,9.274744,504,504,4,79,13,99.86,1.783,62,0,9,,,,,,,,,24,1,https://www.sg.ch/tools/informationen-coronavirus.html,13.381379,13.790437
816,2020-07-19 19:04:36,2020-04-05 01:00:00,,SG,St. Gallen,17,47.1832,9.274744,515,515,-9,70,13,102.04,1.783,70,0,9,,,,,,,,,11,0,https://www.sg.ch/tools/informationen-coronavirus.html,12.940735,13.790437
843,2020-07-19 19:04:36,2020-04-06 01:00:00,,SG,St. Gallen,17,47.1832,9.274744,532,532,0,70,12,105.41,2.18,75,0,11,,,,,,,,,17,2,https://www.sg.ch/tools/informationen-coronavirus.html,13.819963,7.66781
870,2020-07-19 19:04:36,2020-04-07 01:00:00,,SG,St. Gallen,17,47.1832,9.274744,557,557,-5,65,9,110.36,2.576,79,0,13,,,,,,,,,25,2,https://www.sg.ch/tools/informationen-coronavirus.html,17.134391,7.138373
897,2020-07-19 19:04:36,2020-04-08 01:00:00,,SG,St. Gallen,17,47.1832,9.274744,578,578,-13,52,12,114.52,2.972,89,0,15,,,,,,,,,21,2,https://www.sg.ch/tools/informationen-coronavirus.html,18.654274,5.513344
924,2020-07-19 19:04:36,2020-04-09 01:00:00,,SG,St. Gallen,17,47.1832,9.274744,604,604,0,52,13,119.68,3.17,92,0,16,,,,,,,,,26,1,https://www.sg.ch/tools/informationen-coronavirus.html,19.147931,6.023552
949,2020-07-19 19:04:36,2020-04-10 01:00:00,,SG,St. Gallen,17,47.1832,9.274744,632,632,8,60,11,125.22,3.368,93,0,17,,,,,,,,,28,1,https://www.sg.ch/tools/informationen-coronavirus.html,16.928945,5.449367
975,2020-07-19 19:04:36,2020-04-11 01:00:00,,SG,St. Gallen,17,47.1832,9.274744,641,641,0,60,11,127.01,3.566,102,0,18,,,,,,,,,9,1,https://www.sg.ch/tools/informationen-coronavirus.html,18.594404,7.037363
999,2020-07-19 19:04:36,2020-04-12 01:00:00,,SG,St. Gallen,17,47.1832,9.274744,649,649,-2,58,9,128.59,4.161,109,0,21,,,,,,,,,8,3,https://www.sg.ch/tools/informationen-coronavirus.html,22.671506,7.226711
1025,2020-07-19 19:04:36,2020-04-13 01:00:00,,SG,St. Gallen,17,47.1832,9.274744,657,657,0,58,10,130.18,4.161,119,0,21,,,,,,,,,8,0,https://www.sg.ch/tools/informationen-coronavirus.html,27.052782,10.300214
1052,2020-07-19 19:04:36,2020-04-14 01:00:00,,SG,St. Gallen,17,47.1832,9.274744,664,664,1,59,9,131.56,4.161,120,0,21,,,,,,,,,7,0,https://www.sg.ch/tools/informationen-coronavirus.html,36.593927,12.744782
1079,2020-07-19 19:04:36,2020-04-15 01:00:00,,SG,St. Gallen,17,47.1832,9.274744,676,676,-12,47,9,133.94,4.557,123,0,23,,,,,,,,,12,2,https://www.sg.ch/tools/informationen-coronavirus.html,51.494002,11.465284
1106,2020-07-19 19:04:36,2020-04-16 01:00:00,,SG,St. Gallen,17,47.1832,9.274744,680,680,9,56,7,134.73,4.953,138,0,25,,,,,,,,,4,2,https://www.sg.ch/tools/informationen-coronavirus.html,58.678291,10.550055
1133,2020-07-19 19:04:36,2020-04-17 01:00:00,,SG,St. Gallen,17,47.1832,9.274744,693,693,-15,41,9,137.31,5.35,144,0,27,,,,,,,,,13,2,https://www.sg.ch/tools/informationen-coronavirus.html,52.833529,13.790437
1157,2020-07-19 19:04:36,2020-04-18 01:00:00,,SG,St. Gallen,17,47.1832,9.274744,699,699,3,44,7,138.5,5.35,150,0,27,,,,,,,,,6,0,https://www.sg.ch/tools/informationen-coronavirus.html,55.928984,13.790437
1182,2020-07-19 19:04:36,2020-04-19 01:00:00,,SG,St. Gallen,17,47.1832,9.274744,705,705,1,45,7,139.69,5.35,150,0,27,,,,,,,,,6,0,https://www.sg.ch/tools/informationen-coronavirus.html,57.84358,13.790437
1209,2020-07-19 19:04:36,2020-04-20 01:00:00,,SG,St. Gallen,17,47.1832,9.274744,711,711,-3,42,7,140.88,5.35,159,0,27,,,,,,,,,6,0,https://www.sg.ch/tools/informationen-coronavirus.html,68.656503,21.61456
1236,2020-07-19 19:04:36,2020-04-21 01:00:00,,SG,St. Gallen,17,47.1832,9.274744,718,718,6,48,8,142.26,5.746,159,0,29,,,,,,,,,7,2,https://www.sg.ch/tools/informationen-coronavirus.html,63.735596,23.350868
1263,2020-07-19 19:04:36,2020-04-22 01:00:00,,SG,St. Gallen,17,47.1832,9.274744,724,724,4,52,6,143.45,5.746,162,0,29,,,,,,,,,6,0,https://www.sg.ch/tools/informationen-coronavirus.html,79.196197,48.499666
1290,2020-07-19 19:04:36,2020-04-23 01:00:00,,SG,St. Gallen,17,47.1832,9.274744,736,736,-15,37,2,145.83,6.142,170,0,31,,,,,,,,,12,2,https://www.sg.ch/tools/informationen-coronavirus.html,67.19228,25.086699
1317,2020-07-19 19:04:36,2020-04-24 01:00:00,,SG,St. Gallen,17,47.1832,9.274744,745,745,6,43,4,147.61,6.142,175,0,31,,,,,,,,,9,0,https://www.sg.ch/tools/informationen-coronavirus.html,62.800526,25.086699
1341,2020-07-19 19:04:36,2020-04-25 01:00:00,,SG,St. Gallen,17,47.1832,9.274744,753,753,0,43,4,149.2,6.142,175,0,31,,,,,,,,,8,0,https://www.sg.ch/tools/informationen-coronavirus.html,60.386251,25.086699
1364,2020-07-19 19:04:36,2020-04-26 01:00:00,,SG,St. Gallen,17,47.1832,9.274744,761,761,0,38,4,150.78,6.142,176,0,31,,,,,,,,,8,0,https://www.sg.ch/tools/informationen-coronavirus.html,59.5858,51.966779
1391,2020-07-19 19:04:36,2020-04-27 01:00:00,,SG,St. Gallen,17,47.1832,9.274744,767,767,1,39,2,151.97,6.142,176,0,31,,,,,,,,,6,0,https://www.sg.ch/tools/informationen-coronavirus.html,60.069527,51.966779
1418,2020-07-19 19:04:36,2020-04-28 01:00:00,,SG,St. Gallen,17,47.1832,9.274744,775,775,5,44,3,153.56,6.539,176,0,33,,,,,,,,,8,2,https://www.sg.ch/tools/informationen-coronavirus.html,67.122613,55.433719
1445,2020-07-19 19:04:36,2020-04-29 01:00:00,,SG,St. Gallen,17,47.1832,9.274744,776,776,0,44,10,153.75,6.539,176,0,33,,,,,,,,,1,0,https://www.sg.ch/tools/informationen-coronavirus.html,85.010554,55.433719
1472,2020-07-19 19:04:36,2020-04-30 01:00:00,,SG,St. Gallen,17,47.1832,9.274744,780,780,-7,37,3,154.55,6.539,184,0,33,,,,,,,,,4,0,https://www.sg.ch/tools/informationen-coronavirus.html,98.378217,55.433719
1499,2020-07-19 19:04:36,2020-05-01 01:00:00,,SG,St. Gallen,17,47.1832,9.274744,788,788,-1,36,3,156.13,6.539,187,0,33,,,,,,,,,8,0,https://www.sg.ch/tools/informationen-coronavirus.html,99.405207,55.433719
1574,2020-07-19 19:04:36,2020-05-04 01:00:00,,SG,St. Gallen,17,47.1832,9.274744,793,793,-7,29,2,157.12,6.539,189,0,33,,,,,,,,,5,0,https://www.sg.ch/tools/informationen-coronavirus.html,103.962449,55.433719
1601,2020-07-19 19:04:36,2020-05-05 01:00:00,,SG,St. Gallen,17,47.1832,9.274744,793,793,0,29,2,157.12,6.539,189,0,33,,,,,,,,,0,0,https://www.sg.ch/tools/informationen-coronavirus.html,150.945422,
1628,2020-07-19 19:04:36,2020-05-06 01:00:00,,SG,St. Gallen,17,47.1832,9.274744,794,794,0,29,2,157.32,6.539,203,0,33,,,,,,,,,1,0,https://www.sg.ch/tools/informationen-coronavirus.html,151.137971,
1654,2020-07-19 19:04:36,2020-05-07 01:00:00,,SG,St. Gallen,17,47.1832,9.274744,795,795,0,29,2,157.52,6.539,203,0,33,,,,,,,,,1,0,https://www.sg.ch/tools/informationen-coronavirus.html,181.945634,
1680,2020-07-19 19:04:36,2020-05-08 01:00:00,,SG,St. Gallen,17,47.1832,9.274744,798,798,0,29,2,158.11,6.935,203,0,35,,,,,,,,,3,2,https://www.sg.ch/tools/informationen-coronavirus.html,274.829215,58.900518
1751,2020-07-19 19:04:36,2020-05-11 01:00:00,,SG,St. Gallen,17,47.1832,9.274744,801,801,0,22,1,158.71,7.133,210,0,36,,,,,,,,,3,1,https://www.sg.ch/tools/informationen-coronavirus.html,345.27104,39.830836
1778,2020-07-19 19:04:36,2020-05-12 01:00:00,,SG,St. Gallen,17,47.1832,9.274744,802,802,0,22,1,158.91,7.133,210,0,36,,,,,,,,,1,0,https://www.sg.ch/tools/informationen-coronavirus.html,307.09945,39.830836
1803,2020-07-19 19:04:36,2020-05-13 01:00:00,,SG,St. Gallen,17,47.1832,9.274744,802,802,0,10,2,158.91,7.133,215,0,36,,,,,,,,,0,0,https://www.sg.ch/tools/informationen-coronavirus.html,345.704261,39.830836
1829,2020-07-19 19:04:36,2020-05-14 01:00:00,,SG,St. Gallen,17,47.1832,9.274744,802,802,0,10,2,158.91,7.133,215,0,36,,,,,,,,,0,0,https://www.sg.ch/tools/informationen-coronavirus.html,395.338914,39.830836
1855,2020-07-19 19:04:36,2020-05-15 01:00:00,,SG,St. Gallen,17,47.1832,9.274744,803,803,0,11,2,159.1,7.133,216,0,36,,,,,,,,,1,0,https://www.sg.ch/tools/informationen-coronavirus.html,554.862514,123.025489
1921,2020-07-19 19:04:36,2020-05-18 01:00:00,,SG,St. Gallen,17,47.1832,9.274744,806,806,-3,8,1,159.7,7.133,217,0,36,,,,,,,,,3,0,https://www.sg.ch/tools/informationen-coronavirus.html,556.941962,
1946,2020-07-19 19:04:36,2020-05-19 01:00:00,,SG,St. Gallen,17,47.1832,9.274744,806,806,0,8,1,159.7,7.133,217,0,36,,,,,,,,,0,0,https://www.sg.ch/tools/informationen-coronavirus.html,696.61148,
1973,2020-07-19 19:04:36,2020-05-20 01:00:00,,SG,St. Gallen,17,47.1832,9.274744,807,807,0,11,1,159.9,7.133,217,0,36,,,,,,,,,1,0,https://www.sg.ch/tools/informationen-coronavirus.html,557.635112,
2084,2020-07-19 19:04:36,2020-05-25 01:00:00,,SG,St. Gallen,17,47.1832,9.274744,807,807,0,11,1,159.9,7.133,217,0,36,,,,,,,,,0,0,https://www.sg.ch/tools/informationen-coronavirus.html,557.635112,
2109,2020-07-19 19:04:36,2020-05-26 01:00:00,,SG,St. Gallen,17,47.1832,9.274744,807,807,0,11,1,159.9,7.133,217,0,36,,,,,,,,,0,0,https://www.sg.ch/tools/informationen-coronavirus.html,697.477915,
2136,2020-07-19 19:04:36,2020-05-27 01:00:00,,SG,St. Gallen,17,47.1832,9.274744,808,808,0,11,1,160.1,7.331,217,0,37,,,,,,,,,1,1,https://www.sg.ch/tools/informationen-coronavirus.html,1398.423721,126.491447
2162,2020-07-19 19:04:36,2020-05-28 01:00:00,,SG,St. Gallen,17,47.1832,9.274744,808,808,0,11,1,160.1,7.331,217,0,37,,,,,,,,,0,0,https://www.sg.ch/tools/informationen-coronavirus.html,1398.423721,126.491447
2188,2020-07-19 19:04:36,2020-05-29 01:00:00,,SG,St. Gallen,17,47.1832,9.274744,808,808,0,11,1,160.1,7.331,217,0,37,,,,,,,,,0,0,https://www.sg.ch/tools/informationen-coronavirus.html,2798.581384,126.491447
2298,2020-07-19 19:04:36,2020-06-03 01:00:00,,SG,St. Gallen,17,47.1832,9.274744,809,809,0,8,2,160.29,7.331,223,0,37,,,,,,,,,1,0,https://www.sg.ch/tools/informationen-coronavirus.html,1400.15659,126.491447
2408,2020-07-19 19:04:36,2020-06-08 01:00:00,,SG,St. Gallen,17,47.1832,9.274744,809,809,1,9,2,160.29,7.331,223,0,37,,,,,,,,,0,0,https://www.sg.ch/tools/informationen-coronavirus.html,1400.15659,126.491447
2457,2020-07-19 19:04:36,2020-06-10 01:00:00,,SG,St. Gallen,17,47.1832,9.274744,811,811,0,9,2,160.69,7.331,223,0,37,,,,,,,,,0,0,https://www.sg.ch/tools/informationen-coronavirus.html,935.170001,
2562,2020-07-19 19:04:36,2020-06-15 01:00:00,,SG,St. Gallen,17,47.1832,9.274744,811,811,0,7,2,160.69,7.331,223,0,37,,,,,,,,,0,0,https://www.sg.ch/tools/informationen-coronavirus.html,935.170001,
2611,2020-07-19 19:04:36,2020-06-17 01:00:00,,SG,St. Gallen,17,47.1832,9.274744,820,820,0,7,2,162.47,7.529,223,0,38,,,,,,,,,0,0,https://www.sg.ch/tools/informationen-coronavirus.html,235.088161,129.957394
2722,2020-07-19 19:04:36,2020-06-22 01:00:00,,SG,St. Gallen,17,47.1832,9.274744,822,822,0,7,2,162.87,7.529,223,0,38,,,,,,,,,2,0,https://www.sg.ch/tools/informationen-coronavirus.html,217.403675,129.957394
2747,2020-07-19 19:04:36,2020-06-23 01:00:00,,SG,St. Gallen,17,47.1832,9.274744,823,823,0,7,2,163.07,7.529,223,0,38,,,,,,,,,1,0,https://www.sg.ch/tools/informationen-coronavirus.html,201.997937,129.957394
2772,2020-07-19 19:04:36,2020-06-24 01:00:00,,SG,St. Gallen,17,47.1832,9.274744,825,825,0,12,3,163.46,7.529,226,0,38,,,,,,,,,2,0,https://www.sg.ch/tools/informationen-coronavirus.html,202.493055,129.957394
2797,2020-07-19 19:04:36,2020-06-25 01:00:00,,SG,St. Gallen,17,47.1832,9.274744,828,828,0,12,3,164.06,7.529,226,0,38,,,,,,,,,3,0,https://www.sg.ch/tools/informationen-coronavirus.html,167.062866,129.957394
2823,2020-07-19 19:04:36,2020-06-26 01:00:00,,SG,St. Gallen,17,47.1832,9.274744,831,831,0,12,3,164.65,7.529,226,0,38,,,,,,,,,3,0,https://www.sg.ch/tools/informationen-coronavirus.html,260.083878,
2887,2020-07-19 19:04:36,2020-06-29 01:00:00,,SG,St. Gallen,17,47.1832,9.274744,837,837,0,12,3,165.84,7.529,226,0,38,,,,,,,,,6,0,https://www.sg.ch/tools/informationen-coronavirus.html,191.649973,
2913,2020-07-19 19:04:36,2020-06-30 01:00:00,,SG,St. Gallen,17,47.1832,9.274744,843,843,0,12,3,167.03,7.529,226,0,38,,,,,,,,,6,0,https://www.sg.ch/tools/informationen-coronavirus.html,144.340966,
2940,2020-07-19 19:04:36,2020-07-01 01:00:00,,SG,St. Gallen,17,47.1832,9.274744,859,859,0,12,3,170.2,7.529,226,0,38,,,,,,,,,16,0,https://www.sg.ch/tools/informationen-coronavirus.html,85.816267,
2966,2020-07-19 19:04:36,2020-07-02 01:00:00,,SG,St. Gallen,17,47.1832,9.274744,859,859,0,12,3,170.2,7.529,226,0,38,,,,,,,,,0,0,https://www.sg.ch/tools/informationen-coronavirus.html,94.290941,
2992,2020-07-19 19:04:36,2020-07-03 01:00:00,,SG,St. Gallen,17,47.1832,9.274744,870,870,0,12,3,172.38,7.529,226,0,38,,,,,,,,,11,0,https://www.sg.ch/tools/informationen-coronavirus.html,75.566457,
3057,2020-07-19 19:04:36,2020-07-06 01:00:00,,SG,St. Gallen,17,47.1832,9.274744,881,881,0,12,3,174.56,7.727,226,0,39,,,,,,,,,11,1,https://www.sg.ch/tools/informationen-coronavirus.html,67.645821,133.42333
3082,2020-07-19 19:04:36,2020-07-07 01:00:00,,SG,St. Gallen,17,47.1832,9.274744,883,883,0,12,3,174.96,7.727,226,0,39,,,,,,,,,2,0,https://www.sg.ch/tools/informationen-coronavirus.html,74.759864,133.42333
3108,2020-07-19 19:04:36,2020-07-08 01:00:00,,SG,St. Gallen,17,47.1832,9.274744,893,893,0,12,3,176.94,7.727,226,0,39,,,,,,,,,10,0,https://www.sg.ch/tools/informationen-coronavirus.html,89.282456,133.42333
3133,2020-07-19 19:04:36,2020-07-09 01:00:00,,SG,St. Gallen,17,47.1832,9.274744,900,900,0,12,3,178.32,7.727,226,0,39,,,,,,,,,7,0,https://www.sg.ch/tools/informationen-coronavirus.html,74.330796,133.42333
3160,2020-07-19 19:04:36,2020-07-10 01:00:00,,SG,St. Gallen,17,47.1832,9.274744,910,910,0,12,3,180.31,7.727,226,0,39,,,,,,,,,10,0,https://www.sg.ch/tools/informationen-coronavirus.html,77.099642,133.42333
3220,2020-07-19 19:04:36,2020-07-13 01:00:00,,SG,St. Gallen,17,47.1832,9.274744,919,919,0,12,3,182.09,7.727,226,0,39,,,,,,,,,9,0,https://www.sg.ch/tools/informationen-coronavirus.html,82.071023,
3246,2020-07-19 19:04:36,2020-07-14 01:00:00,,SG,St. Gallen,17,47.1832,9.274744,925,925,0,12,3,183.28,7.727,226,0,39,,,,,,,,,6,0,https://www.sg.ch/tools/informationen-coronavirus.html,74.582419,
3270,2020-07-19 19:04:36,2020-07-15 01:00:00,,SG,St. Gallen,17,47.1832,9.274744,925,925,0,12,3,183.28,7.727,226,0,39,,,,,,,,,0,0,https://www.sg.ch/tools/informationen-coronavirus.html,98.438392,
3294,2020-07-19 19:04:36,2020-07-16 01:00:00,,SG,St. Gallen,17,47.1832,9.274744,932,932,0,12,3,184.66,7.727,226,0,39,,,,,,,,,7,0,https://www.sg.ch/tools/informationen-coronavirus.html,99.1966,
