,last_update,timestamp,tests_performed,abbreviation_canton,name_canton,number_canton,lat,long,total_positive_cases,total_currently_positive_cases,new_hosp,total_hospitalized,intensive_care,total_currently_positive_per_100k,deaths_per_100k,released,ncumul_ICU_intub,deaths,ncumul_vent,ncumul_confirmed_non_resident,current_hosp_non_resident,current_infected_isolated,current_quarantined,TotalPosTests1,ninst_ICU_intub,ncumul_ICF,new_positive_cases,new_deaths,source,doubling_time_total_positive,doubling_time_fatalities
177,2020-05-26 04:04:59,2020-03-11 02:00:00,,SH,Schaffhausen,14,47.71357,8.59167,1,1,0,,,1.23,0.0,,0,0,,,,,,,,,0,0,https://sh.ch/CMS/get/file/781156b4-bc47-4846-85d7-3bc0bee69447,0.0,0.0
195,2020-05-26 04:04:59,2020-03-12 02:00:00,,SH,Schaffhausen,14,47.71357,8.59167,1,1,0,,,1.23,0.0,,0,0,,,,,,,,,0,0,https://sh.ch/CMS/get/file/781156b4-bc47-4846-85d7-3bc0bee69447,0.0,0.0
212,2020-05-26 04:04:59,2020-03-13 02:00:00,,SH,Schaffhausen,14,47.71357,8.59167,1,1,0,,,1.23,0.0,,0,0,,,,,,,,,0,0,https://sh.ch/CMS/get/file/781156b4-bc47-4846-85d7-3bc0bee69447,0.0,0.0
229,2020-05-26 04:04:59,2020-03-14 02:00:00,,SH,Schaffhausen,14,47.71357,8.59167,1,1,0,,,1.23,0.0,,0,0,,,,,,,,,0,0,https://sh.ch/CMS/get/file/781156b4-bc47-4846-85d7-3bc0bee69447,0.0,0.0
243,2020-05-26 04:04:59,2020-03-15 02:00:00,,SH,Schaffhausen,14,47.71357,8.59167,1,1,0,,,1.23,0.0,,0,0,,,,,,,,,0,0,https://sh.ch/CMS/get/file/781156b4-bc47-4846-85d7-3bc0bee69447,0.0,0.0
261,2020-05-26 04:04:59,2020-03-16 02:00:00,,SH,Schaffhausen,14,47.71357,8.59167,2,2,0,,,2.46,0.0,,0,0,,,,,,,,,1,0,https://sh.ch/CMS/get/file/781156b4-bc47-4846-85d7-3bc0bee69447,5.0,0.0
281,2020-05-26 04:04:59,2020-03-17 02:00:00,,SH,Schaffhausen,14,47.71357,8.59167,2,2,0,,,2.46,0.0,,0,0,,,,,,,,,0,0,https://sh.ch/CMS/get/file/781156b4-bc47-4846-85d7-3bc0bee69447,5.0,0.0
303,2020-05-26 04:04:59,2020-03-18 02:00:00,,SH,Schaffhausen,14,47.71357,8.59167,8,8,0,,,9.83,0.0,,0,0,,,,,,,,,6,0,https://sh.ch/CMS/get/file/781156b4-bc47-4846-85d7-3bc0bee69447,1.666667,0.0
324,2020-05-26 04:04:59,2020-03-19 02:00:00,,SH,Schaffhausen,14,47.71357,8.59167,12,12,0,,,14.74,0.0,,0,0,,,,,,,,,4,0,https://sh.ch/CMS/get/file/781156b4-bc47-4846-85d7-3bc0bee69447,1.394715,0.0
346,2020-05-26 04:04:59,2020-03-20 02:00:00,,SH,Schaffhausen,14,47.71357,8.59167,17,17,0,,,20.88,0.0,,0,0,,,,,,,,,5,0,https://sh.ch/CMS/get/file/781156b4-bc47-4846-85d7-3bc0bee69447,1.223253,0.0
368,2020-05-26 04:04:59,2020-03-21 02:00:00,,SH,Schaffhausen,14,47.71357,8.59167,28,28,0,,,34.4,0.0,,0,0,,,,,,,,,11,0,https://sh.ch/CMS/get/file/781156b4-bc47-4846-85d7-3bc0bee69447,1.313248,0.0
388,2020-05-26 04:04:59,2020-03-22 02:00:00,,SH,Schaffhausen,14,47.71357,8.59167,30,30,0,,,36.86,0.0,,0,0,,,,,,,,,2,0,https://sh.ch/CMS/get/file/781156b4-bc47-4846-85d7-3bc0bee69447,1.27979,0.0
411,2020-05-26 04:04:59,2020-03-23 02:00:00,,SH,Schaffhausen,14,47.71357,8.59167,32,32,0,,,39.31,0.0,,0,0,,,,,,,,,2,0,https://sh.ch/CMS/get/file/781156b4-bc47-4846-85d7-3bc0bee69447,2.5,0.0
437,2020-05-26 04:04:59,2020-03-24 02:00:00,,SH,Schaffhausen,14,47.71357,8.59167,34,34,0,,,41.77,0.0,,0,0,,,,,,,,,2,0,https://sh.ch/CMS/get/file/781156b4-bc47-4846-85d7-3bc0bee69447,3.327786,0.0
464,2020-05-26 04:04:59,2020-03-25 02:00:00,,SH,Schaffhausen,14,47.71357,8.59167,35,35,0,10,1,43.0,0.0,,0,0,,,,,,,,,1,0,https://sh.ch/CMS/get/file/781156b4-bc47-4846-85d7-3bc0bee69447,4.799293,0.0
490,2020-05-26 04:04:59,2020-03-26 02:00:00,,SH,Schaffhausen,14,47.71357,8.59167,36,36,-4,6,1,44.23,0.0,,0,0,,,,,,,,,1,0,https://sh.ch/CMS/get/file/781156b4-bc47-4846-85d7-3bc0bee69447,13.790437,0.0
517,2020-05-26 04:04:59,2020-03-27 02:00:00,,SH,Schaffhausen,14,47.71357,8.59167,37,37,4,10,1,45.45,0.0,,0,0,,,,,,,,,1,0,https://sh.ch/CMS/get/file/781156b4-bc47-4846-85d7-3bc0bee69447,16.525497,0.0
542,2020-05-26 04:04:59,2020-03-28 02:00:00,,SH,Schaffhausen,14,47.71357,8.59167,40,40,4,14,1,49.14,0.0,,0,0,,,,,,,,,3,0,https://sh.ch/CMS/get/file/781156b4-bc47-4846-85d7-3bc0bee69447,15.531419,0.0
566,2020-05-26 04:04:59,2020-03-29 01:00:00,,SH,Schaffhausen,14,47.71357,8.59167,41,41,1,15,1,50.37,0.0,,0,0,,,,,,,,,1,0,https://sh.ch/CMS/get/file/781156b4-bc47-4846-85d7-3bc0bee69447,18.512405,0.0
593,2020-05-26 04:04:59,2020-03-30 01:00:00,,SH,Schaffhausen,14,47.71357,8.59167,42,42,4,19,3,51.6,0.0,,0,0,,,,,,,,,1,0,https://sh.ch/CMS/get/file/781156b4-bc47-4846-85d7-3bc0bee69447,19.00892,0.0
619,2020-05-26 04:04:59,2020-03-31 01:00:00,,SH,Schaffhausen,14,47.71357,8.59167,44,44,-1,18,3,54.05,1.229,,0,1,,,,,,,,,2,1,https://sh.ch/CMS/get/file/781156b4-bc47-4846-85d7-3bc0bee69447,17.270762,0.0
645,2020-05-26 04:04:59,2020-04-01 01:00:00,,SH,Schaffhausen,14,47.71357,8.59167,44,44,-8,10,3,54.05,1.229,,0,1,,,,,,,,,0,0,https://sh.ch/CMS/get/file/781156b4-bc47-4846-85d7-3bc0bee69447,20.00174,0.0
672,2020-05-26 04:04:59,2020-04-02 01:00:00,,SH,Schaffhausen,14,47.71357,8.59167,47,47,8,18,3,57.74,1.229,,0,1,,,,,,,,,3,0,https://sh.ch/CMS/get/file/781156b4-bc47-4846-85d7-3bc0bee69447,21.490517,0.0
699,2020-05-26 04:04:59,2020-04-03 01:00:00,,SH,Schaffhausen,14,47.71357,8.59167,47,47,-9,9,3,57.74,1.229,,0,1,,,,,,,,,0,0,https://sh.ch/CMS/get/file/781156b4-bc47-4846-85d7-3bc0bee69447,25.375964,0.0
724,2020-05-26 04:04:59,2020-04-04 01:00:00,,SH,Schaffhausen,14,47.71357,8.59167,47,47,3,12,3,57.74,1.229,,0,1,,,,,,,,,0,0,https://sh.ch/CMS/get/file/781156b4-bc47-4846-85d7-3bc0bee69447,30.812571,0.0
748,2020-05-26 04:04:59,2020-04-05 01:00:00,,SH,Schaffhausen,14,47.71357,8.59167,49,49,0,12,3,60.2,1.229,,0,1,,,,,,,,,2,0,https://sh.ch/CMS/get/file/781156b4-bc47-4846-85d7-3bc0bee69447,32.200265,
774,2020-05-26 04:04:59,2020-04-06 01:00:00,,SH,Schaffhausen,14,47.71357,8.59167,50,50,3,15,3,61.43,1.229,,0,1,,,,,,,,,1,0,https://sh.ch/CMS/get/file/781156b4-bc47-4846-85d7-3bc0bee69447,27.111355,
801,2020-05-26 04:04:59,2020-04-07 07:30:00,,SH,Schaffhausen,14,47.71357,8.59167,50,50,-1,14,3,61.43,1.229,,0,1,,,,,,,,,0,0,https://sh.ch/CMS/get/file/781156b4-bc47-4846-85d7-3bc0bee69447,56.011528,
827,2020-05-26 04:04:59,2020-04-08 07:30:00,,SH,Schaffhausen,14,47.71357,8.59167,50,50,1,15,2,61.43,1.229,,0,1,,,,,,,,,0,0,https://sh.ch/CMS/get/file/781156b4-bc47-4846-85d7-3bc0bee69447,56.011528,
853,2020-05-26 04:04:59,2020-04-09 07:30:00,,SH,Schaffhausen,14,47.71357,8.59167,52,52,2,17,2,63.88,1.229,,0,1,,,,,,,,,2,0,https://sh.ch/CMS/get/file/781156b4-bc47-4846-85d7-3bc0bee69447,34.281593,
878,2020-05-26 04:04:59,2020-04-10 07:30:00,,SH,Schaffhausen,14,47.71357,8.59167,53,53,-4,13,2,65.11,1.229,,0,1,,,,,,,,,1,0,https://sh.ch/CMS/get/file/781156b4-bc47-4846-85d7-3bc0bee69447,44.165472,
904,2020-05-26 04:04:59,2020-04-11 07:30:00,,SH,Schaffhausen,14,47.71357,8.59167,55,55,0,13,2,67.57,1.229,,0,1,,,,,,,,,2,0,https://sh.ch/CMS/get/file/781156b4-bc47-4846-85d7-3bc0bee69447,36.362704,
928,2020-05-26 04:04:59,2020-04-12 07:30:00,,SH,Schaffhausen,14,47.71357,8.59167,57,57,3,16,2,70.02,1.229,,0,1,,,,,,,,,2,0,https://sh.ch/CMS/get/file/781156b4-bc47-4846-85d7-3bc0bee69447,26.450293,
954,2020-05-26 04:04:59,2020-04-13 07:30:00,,SH,Schaffhausen,14,47.71357,8.59167,57,57,0,16,2,70.02,1.229,,0,1,,,,,,,,,0,0,https://sh.ch/CMS/get/file/781156b4-bc47-4846-85d7-3bc0bee69447,26.450293,
980,2020-05-26 04:04:59,2020-04-14 07:30:00,,SH,Schaffhausen,14,47.71357,8.59167,57,57,-6,10,2,70.02,1.229,,0,1,,,,,,,,,0,0,https://sh.ch/CMS/get/file/781156b4-bc47-4846-85d7-3bc0bee69447,37.75001,
1007,2020-05-26 04:04:59,2020-04-15 07:30:00,,SH,Schaffhausen,14,47.71357,8.59167,59,59,1,11,2,72.48,1.229,,0,1,,,,,,,,,2,0,https://sh.ch/CMS/get/file/781156b4-bc47-4846-85d7-3bc0bee69447,32.315901,
1034,2020-05-26 04:04:59,2020-04-16 07:30:00,,SH,Schaffhausen,14,47.71357,8.59167,60,60,-1,10,2,73.71,1.229,,0,1,,,,,,,,,1,0,https://sh.ch/CMS/get/file/781156b4-bc47-4846-85d7-3bc0bee69447,39.830836,
1061,2020-05-26 04:04:59,2020-04-17 07:30:00,,SH,Schaffhausen,14,47.71357,8.59167,60,60,-2,8,2,73.71,1.229,,0,1,,,,,,,,,0,0,https://sh.ch/CMS/get/file/781156b4-bc47-4846-85d7-3bc0bee69447,67.567037,
1085,2020-05-26 04:04:59,2020-04-18 07:30:00,,SH,Schaffhausen,14,47.71357,8.59167,61,61,3,11,4,74.94,1.229,,0,1,,,,,,,,,1,0,https://sh.ch/CMS/get/file/781156b4-bc47-4846-85d7-3bc0bee69447,51.100018,
1110,2020-05-26 04:04:59,2020-04-19 07:30:00,,SH,Schaffhausen,14,47.71357,8.59167,62,62,-5,6,2,76.17,1.229,,0,1,,,,,,,,,1,0,https://sh.ch/CMS/get/file/781156b4-bc47-4846-85d7-3bc0bee69447,41.217976,
1137,2020-05-26 04:04:59,2020-04-20 07:30:00,,SH,Schaffhausen,14,47.71357,8.59167,63,63,0,6,2,77.4,1.229,,0,1,,,,,,,,,1,0,https://sh.ch/CMS/get/file/781156b4-bc47-4846-85d7-3bc0bee69447,52.833529,
1164,2020-05-26 04:04:59,2020-04-21 07:30:00,,SH,Schaffhausen,14,47.71357,8.59167,63,63,4,10,2,77.4,2.457,,0,2,,,,,,,,,0,1,https://sh.ch/CMS/get/file/781156b4-bc47-4846-85d7-3bc0bee69447,71.033495,5.0
1191,2020-05-26 04:04:59,2020-04-22 07:30:00,,SH,Schaffhausen,14,47.71357,8.59167,63,63,0,10,2,77.4,3.686,,0,3,,,,,,,,,0,1,https://sh.ch/CMS/get/file/781156b4-bc47-4846-85d7-3bc0bee69447,71.033495,3.154649
1218,2020-05-26 04:04:59,2020-04-23 07:30:00,,SH,Schaffhausen,14,47.71357,8.59167,65,65,-2,8,2,79.85,3.686,,0,3,,,,,,,,,2,0,https://sh.ch/CMS/get/file/781156b4-bc47-4846-85d7-3bc0bee69447,54.566998,3.154649
1245,2020-05-26 04:04:59,2020-04-24 07:30:00,,SH,Schaffhausen,14,47.71357,8.59167,70,70,-4,4,1,86.0,3.686,,0,3,,,,,,,,,5,0,https://sh.ch/CMS/get/file/781156b4-bc47-4846-85d7-3bc0bee69447,28.557279,3.154649
1269,2020-05-26 04:04:59,2020-04-25 07:30:00,,SH,Schaffhausen,14,47.71357,8.59167,71,71,2,6,1,87.22,6.143,,0,5,,,,,,,,,1,2,https://sh.ch/CMS/get/file/781156b4-bc47-4846-85d7-3bc0bee69447,28.99102,2.153383
1292,2020-05-26 04:04:59,2020-04-26 07:30:00,,SH,Schaffhausen,14,47.71357,8.59167,72,72,3,9,2,88.45,6.143,,0,5,,,,,,,,,1,0,https://sh.ch/CMS/get/file/781156b4-bc47-4846-85d7-3bc0bee69447,25.954465,3.782354
1319,2020-05-26 04:04:59,2020-04-27 07:30:00,,SH,Schaffhausen,14,47.71357,8.59167,73,73,3,12,3,89.68,6.143,,0,5,,,,,,,,,1,0,https://sh.ch/CMS/get/file/781156b4-bc47-4846-85d7-3bc0bee69447,23.52447,6.784577
1346,2020-05-26 04:04:59,2020-04-28 07:30:00,,SH,Schaffhausen,14,47.71357,8.59167,74,74,-2,10,2,90.91,7.371,,0,6,,,,,,,,,1,1,https://sh.ch/CMS/get/file/781156b4-bc47-4846-85d7-3bc0bee69447,26.725741,5.0
1373,2020-05-26 04:04:59,2020-04-29 07:30:00,,SH,Schaffhausen,14,47.71357,8.59167,74,74,2,12,2,90.91,7.371,,0,6,,,,,,,,,0,0,https://sh.ch/CMS/get/file/781156b4-bc47-4846-85d7-3bc0bee69447,62.367198,5.0
1400,2020-05-26 04:04:59,2020-04-30 07:30:00,,SH,Schaffhausen,14,47.71357,8.59167,75,75,-4,8,2,92.14,7.371,,0,6,,,,,,,,,1,0,https://sh.ch/CMS/get/file/781156b4-bc47-4846-85d7-3bc0bee69447,63.233852,19.00892
1427,2020-05-26 04:04:59,2020-05-01 07:30:00,,SH,Schaffhausen,14,47.71357,8.59167,75,75,-1,7,2,92.14,7.371,,0,6,,,,,,,,,0,0,https://sh.ch/CMS/get/file/781156b4-bc47-4846-85d7-3bc0bee69447,84.89874,19.00892
1451,2020-05-26 04:04:59,2020-05-02 07:30:00,,SH,Schaffhausen,14,47.71357,8.59167,75,75,0,7,2,92.14,7.371,,0,6,,,,,,,,,0,0,https://sh.ch/CMS/get/file/781156b4-bc47-4846-85d7-3bc0bee69447,128.224422,19.00892
1475,2020-05-26 04:04:59,2020-05-03 07:30:00,,SH,Schaffhausen,14,47.71357,8.59167,75,75,-1,6,2,92.14,7.371,,0,6,,,,,,,,,0,0,https://sh.ch/CMS/get/file/781156b4-bc47-4846-85d7-3bc0bee69447,258.193448,
1502,2020-05-26 04:04:59,2020-05-04 07:30:00,,SH,Schaffhausen,14,47.71357,8.59167,75,75,-2,4,2,92.14,7.371,,0,6,,,,,,,,,0,0,https://sh.ch/CMS/get/file/781156b4-bc47-4846-85d7-3bc0bee69447,258.193448,
1529,2020-05-26 04:04:59,2020-05-05 07:30:00,,SH,Schaffhausen,14,47.71357,8.59167,75,75,2,6,4,92.14,7.371,,0,6,,,,,,,,,0,0,https://sh.ch/CMS/get/file/781156b4-bc47-4846-85d7-3bc0bee69447,,
1556,2020-05-26 04:04:59,2020-05-06 07:30:00,,SH,Schaffhausen,14,47.71357,8.59167,75,75,-1,5,4,92.14,7.371,,0,6,,,,,,,,,0,0,https://sh.ch/CMS/get/file/781156b4-bc47-4846-85d7-3bc0bee69447,,
1582,2020-05-26 04:04:59,2020-05-07 07:30:00,,SH,Schaffhausen,14,47.71357,8.59167,76,76,2,7,4,93.37,7.371,,0,6,,,,,,,,,1,0,https://sh.ch/CMS/get/file/781156b4-bc47-4846-85d7-3bc0bee69447,261.659235,
1608,2020-05-26 04:04:59,2020-05-08 07:30:00,,SH,Schaffhausen,14,47.71357,8.59167,76,76,-3,4,3,93.37,7.371,,0,6,,,,,,,,,0,0,https://sh.ch/CMS/get/file/781156b4-bc47-4846-85d7-3bc0bee69447,261.659235,
1632,2020-05-26 04:04:59,2020-05-09 07:30:00,,SH,Schaffhausen,14,47.71357,8.59167,76,76,1,5,3,93.37,7.371,,0,6,,,,,,,,,0,0,https://sh.ch/CMS/get/file/781156b4-bc47-4846-85d7-3bc0bee69447,261.659235,
1654,2020-05-26 04:04:59,2020-05-10 07:30:00,,SH,Schaffhausen,14,47.71357,8.59167,78,78,1,6,3,95.82,7.371,,0,6,,,,,,,,,2,0,https://sh.ch/CMS/get/file/781156b4-bc47-4846-85d7-3bc0bee69447,88.364938,
1679,2020-05-26 04:04:59,2020-05-11 07:30:00,,SH,Schaffhausen,14,47.71357,8.59167,78,78,-2,4,3,95.82,7.371,,0,6,,,,,,,,,0,0,https://sh.ch/CMS/get/file/781156b4-bc47-4846-85d7-3bc0bee69447,88.364938,
1706,2020-05-26 04:04:59,2020-05-12 07:30:00,,SH,Schaffhausen,14,47.71357,8.59167,78,78,4,8,3,95.82,7.371,,0,6,,,,,,,,,0,0,https://sh.ch/CMS/get/file/781156b4-bc47-4846-85d7-3bc0bee69447,133.42333,
1731,2020-05-26 04:04:59,2020-05-13 07:30:00,,SH,Schaffhausen,14,47.71357,8.59167,78,78,-2,6,3,95.82,7.371,,0,6,,,,,,,,,0,0,https://sh.ch/CMS/get/file/781156b4-bc47-4846-85d7-3bc0bee69447,133.42333,
1757,2020-05-26 04:04:59,2020-05-14 07:30:00,,SH,Schaffhausen,14,47.71357,8.59167,78,78,0,6,3,95.82,7.371,,0,6,,,,,,,,,0,0,https://sh.ch/CMS/get/file/781156b4-bc47-4846-85d7-3bc0bee69447,133.42333,
1783,2020-05-26 04:04:59,2020-05-15 07:30:00,,SH,Schaffhausen,14,47.71357,8.59167,78,78,0,6,3,95.82,7.371,,0,6,,,,,,,,,0,0,https://sh.ch/CMS/get/file/781156b4-bc47-4846-85d7-3bc0bee69447,,
1804,2020-05-26 04:04:59,2020-05-16 01:00:00,,SH,Schaffhausen,14,47.71357,8.59167,78,78,0,6,3,95.82,7.371,,0,6,,,,,,,,,0,0,https://sh.ch/CMS/get/file/781156b4-bc47-4846-85d7-3bc0bee69447,,
1824,2020-05-26 04:04:59,2020-05-17 01:00:00,,SH,Schaffhausen,14,47.71357,8.59167,78,78,0,6,3,95.82,7.371,,0,6,,,,,,,,,0,0,https://sh.ch/CMS/get/file/781156b4-bc47-4846-85d7-3bc0bee69447,,
1849,2020-05-26 04:04:59,2020-05-18 07:30:00,,SH,Schaffhausen,14,47.71357,8.59167,78,78,0,5,3,95.82,7.371,,0,6,,,,,,,,,0,0,https://sh.ch/CMS/get/file/781156b4-bc47-4846-85d7-3bc0bee69447,,
1874,2020-05-26 04:04:59,2020-05-19 07:30:00,,SH,Schaffhausen,14,47.71357,8.59167,78,78,3,8,2,95.82,7.371,,0,6,,,,,,,,,0,0,https://sh.ch/CMS/get/file/781156b4-bc47-4846-85d7-3bc0bee69447,,
1901,2020-05-26 04:04:59,2020-05-20 07:30:00,,SH,Schaffhausen,14,47.71357,8.59167,78,78,-1,7,1,95.82,7.371,,0,6,,,,,,,,,0,0,https://sh.ch/CMS/get/file/781156b4-bc47-4846-85d7-3bc0bee69447,,
1923,2020-05-26 04:04:59,2020-05-21 01:00:00,,SH,Schaffhausen,14,47.71357,8.59167,78,78,0,7,1,95.82,7.371,,0,6,,,,,,,,,0,0,https://sh.ch/CMS/get/file/781156b4-bc47-4846-85d7-3bc0bee69447,,
1947,2020-05-26 04:04:59,2020-05-22 07:30:00,,SH,Schaffhausen,14,47.71357,8.59167,78,78,0,5,1,95.82,7.371,,0,6,,,,,,,,,0,0,https://sh.ch/CMS/get/file/781156b4-bc47-4846-85d7-3bc0bee69447,,
2011,2020-05-26 04:04:59,2020-05-25 07:30:00,,SH,Schaffhausen,14,47.71357,8.59167,79,79,0,5,1,97.05,7.371,,0,6,,,,,,,,,1,0,https://sh.ch/CMS/get/file/781156b4-bc47-4846-85d7-3bc0bee69447,272.056589,
