,last_update,timestamp,tests_performed,abbreviation_canton,name_canton,number_canton,lat,long,total_positive_cases,total_currently_positive_cases,new_hosp,total_hospitalized,intensive_care,total_currently_positive_per_100k,deaths_per_100k,released,ncumul_ICU_intub,deaths,ncumul_vent,ncumul_confirmed_non_resident,current_hosp_non_resident,TotalPosTests1,ninst_ICU_intub,ncumul_ICF,new_positive_cases,new_deaths,source,doubling_time_total_positive,doubling_time_fatalities
62,2020-05-19 14:03:35,2020-03-03 02:00:00,1,SZ,Schwyz,05,47.061787,8.756585,1,1,0,,,0.64,,,0,,,,,,,,0,0,https://www.sz.ch/public/upload/assets/45351/MM_Coronavirus_4_3_2020.pdf,0.0,0.0
79,2020-05-19 14:03:35,2020-03-04 02:00:00,3,SZ,Schwyz,05,47.061787,8.756585,3,3,0,1,,1.91,,,0,,,,,,,,2,0,https://www.sz.ch/public/upload/assets/45351/MM_Coronavirus_4_3_2020.pdf,0.0,0.0
110,2020-05-19 14:03:35,2020-03-06 02:00:00,6,SZ,Schwyz,05,47.061787,8.756585,6,6,0,1,,3.81,,,0,,,,,,,,3,0,https://www.sz.ch/public/upload/assets/45417/MM_Coronavirus_6_3_2020.pdf,0.0,0.0
213,2020-05-19 14:03:35,2020-03-13 11:00:00,10,SZ,Schwyz,05,47.061787,8.756585,9,9,0,1,,5.72,,,0,,,,,,,,3,0,https://www.sz.ch/public/upload/assets/45585/MM_Coronavirus_13_03_2020.pdf,0.0,0.0
244,2020-05-19 14:03:35,2020-03-15 02:00:00,10,SZ,Schwyz,05,47.061787,8.756585,13,13,0,1,,8.26,,,0,,,,,,,,4,0,https://www.sz.ch/public/upload/assets/45590/MM_Coronavirus_15_3_2020.pdf,0.0,0.0
439,2020-05-19 14:03:35,2020-03-24 02:00:00,10,SZ,Schwyz,05,47.061787,8.756585,97,97,0,1,,61.67,0.0,10,0,0,,,,,,,84,0,https://www.sz.ch/public/upload/assets/46739/COVID-19_Fallzahlen_Kanton_Schwyz.xlsx,0.757586,0.0
466,2020-05-19 14:03:35,2020-03-25 02:00:00,10,SZ,Schwyz,05,47.061787,8.756585,97,97,0,1,,61.67,0.0,10,0,0,,,,,,,0,0,https://www.sz.ch/public/upload/assets/46739/COVID-19_Fallzahlen_Kanton_Schwyz.xlsx,0.997019,0.0
492,2020-05-19 14:03:35,2020-03-26 02:00:00,10,SZ,Schwyz,05,47.061787,8.756585,107,107,0,1,,68.02,0.0,20,0,0,,,,,,,0,0,https://www.sz.ch/public/upload/assets/46739/COVID-19_Fallzahlen_Kanton_Schwyz.xlsx,1.202934,0.0
519,2020-05-19 14:03:35,2020-03-27 02:00:00,10,SZ,Schwyz,05,47.061787,8.756585,119,119,0,1,,75.65,0.636,32,0,1,,,,,,,12,1,https://www.sz.ch/public/upload/assets/46739/COVID-19_Fallzahlen_Kanton_Schwyz.xlsx,1.342321,0.0
544,2020-05-19 14:03:35,2020-03-28 02:00:00,10,SZ,Schwyz,05,47.061787,8.756585,122,122,0,1,,77.56,0.636,33,0,1,,,,,,,3,0,https://www.sz.ch/public/upload/assets/46739/COVID-19_Fallzahlen_Kanton_Schwyz.xlsx,1.547845,0.0
568,2020-05-19 14:03:35,2020-03-29 01:00:00,10,SZ,Schwyz,05,47.061787,8.756585,128,128,0,1,,81.37,1.271,33,0,2,,,,,,,6,1,https://www.sz.ch/public/upload/assets/46739/COVID-19_Fallzahlen_Kanton_Schwyz.xlsx,12.497277,0.0
594,2020-05-19 14:03:35,2020-03-30 01:00:00,10,SZ,Schwyz,05,47.061787,8.756585,135,135,0,1,,85.82,1.271,33,0,2,,,,,,,7,0,https://www.sz.ch/public/upload/assets/46739/COVID-19_Fallzahlen_Kanton_Schwyz.xlsx,10.484318,0.0
621,2020-05-19 14:03:35,2020-03-31 01:00:00,10,SZ,Schwyz,05,47.061787,8.756585,140,140,0,1,,89.0,2.543,48,0,4,,,,,,,5,2,https://www.sz.ch/public/upload/assets/46739/COVID-19_Fallzahlen_Kanton_Schwyz.xlsx,12.892711,0.0
647,2020-05-19 14:03:35,2020-04-01 01:00:00,10,SZ,Schwyz,05,47.061787,8.756585,146,146,0,1,,92.82,2.543,65,0,4,,,,,,,6,0,https://www.sz.ch/public/upload/assets/46739/COVID-19_Fallzahlen_Kanton_Schwyz.xlsx,16.948762,2.5
674,2020-05-19 14:03:35,2020-04-02 01:00:00,10,SZ,Schwyz,05,47.061787,8.756585,155,155,0,1,,98.54,2.543,65,0,4,,,,,,,9,0,https://www.sz.ch/public/upload/assets/46739/COVID-19_Fallzahlen_Kanton_Schwyz.xlsx,14.476512,2.5
701,2020-05-19 14:03:35,2020-04-03 01:00:00,10,SZ,Schwyz,05,47.061787,8.756585,165,165,0,1,,104.9,2.543,75,0,4,,,,,,,10,0,https://www.sz.ch/public/upload/assets/46739/COVID-19_Fallzahlen_Kanton_Schwyz.xlsx,13.649186,5.0
726,2020-05-19 14:03:35,2020-04-04 01:00:00,10,SZ,Schwyz,05,47.061787,8.756585,168,168,0,1,,106.8,3.179,92,0,5,,,,,,,3,1,https://www.sz.ch/public/upload/assets/46739/COVID-19_Fallzahlen_Kanton_Schwyz.xlsx,15.847769,3.782354
750,2020-05-19 14:03:35,2020-04-05 01:00:00,10,SZ,Schwyz,05,47.061787,8.756585,170,170,0,1,,108.07,3.179,93,0,5,,,,,,,2,0,https://www.sz.ch/public/upload/assets/46739/COVID-19_Fallzahlen_Kanton_Schwyz.xlsx,17.850263,15.531419
776,2020-05-19 14:03:35,2020-04-06 01:00:00,10,SZ,Schwyz,05,47.061787,8.756585,178,178,0,1,,113.16,3.814,93,0,6,,,,,,,8,1,https://www.sz.ch/public/upload/assets/46739/COVID-19_Fallzahlen_Kanton_Schwyz.xlsx,17.48809,8.547556
803,2020-05-19 14:03:35,2020-04-07 01:00:00,10,SZ,Schwyz,05,47.061787,8.756585,185,185,0,1,,117.61,4.45,105,0,7,,,,,,,7,1,https://www.sz.ch/public/upload/assets/46739/COVID-19_Fallzahlen_Kanton_Schwyz.xlsx,19.588097,6.193063
829,2020-05-19 14:03:35,2020-04-08 01:00:00,10,SZ,Schwyz,05,47.061787,8.756585,196,196,0,1,,124.6,4.45,107,0,7,,,,,,,11,0,https://www.sz.ch/public/upload/assets/46739/COVID-19_Fallzahlen_Kanton_Schwyz.xlsx,20.129827,6.193063
855,2020-05-19 14:03:35,2020-04-09 01:00:00,10,SZ,Schwyz,05,47.061787,8.756585,213,213,0,1,,135.41,5.722,113,0,9,,,,,,,17,2,https://www.sz.ch/public/upload/assets/46739/COVID-19_Fallzahlen_Kanton_Schwyz.xlsx,14.603137,5.896248
880,2020-05-19 14:03:35,2020-04-10 01:00:00,10,SZ,Schwyz,05,47.061787,8.756585,215,215,0,1,,136.68,6.357,118,0,10,,,,,,,2,1,https://www.sz.ch/public/upload/assets/46739/COVID-19_Fallzahlen_Kanton_Schwyz.xlsx,14.757886,5.0
906,2020-05-19 14:03:35,2020-04-11 01:00:00,10,SZ,Schwyz,05,47.061787,8.756585,249,249,0,1,,158.3,6.357,118,0,10,,,,,,,34,0,https://www.sz.ch/public/upload/assets/46739/COVID-19_Fallzahlen_Kanton_Schwyz.xlsx,10.324851,6.784577
930,2020-05-19 14:03:35,2020-04-12 01:00:00,10,SZ,Schwyz,05,47.061787,8.756585,251,251,0,1,,159.57,6.993,119,0,11,,,,,,,2,1,https://www.sz.ch/public/upload/assets/46739/COVID-19_Fallzahlen_Kanton_Schwyz.xlsx,11.359452,7.66781
956,2020-05-19 14:03:35,2020-04-13 01:00:00,10,SZ,Schwyz,05,47.061787,8.756585,251,251,0,1,,159.57,7.629,128,0,12,,,,,,,0,1,https://www.sz.ch/public/upload/assets/46739/COVID-19_Fallzahlen_Kanton_Schwyz.xlsx,14.012129,6.429978
982,2020-05-19 14:03:35,2020-04-14 01:00:00,10,SZ,Schwyz,05,47.061787,8.756585,258,258,0,1,,164.02,8.264,128,0,13,,,,,,,7,1,https://www.sz.ch/public/upload/assets/46739/COVID-19_Fallzahlen_Kanton_Schwyz.xlsx,18.082029,9.424809
1009,2020-05-19 14:03:35,2020-04-15 01:00:00,10,SZ,Schwyz,05,47.061787,8.756585,261,261,0,1,,165.92,8.264,144,0,13,,,,,,,3,0,https://www.sz.ch/public/upload/assets/46739/COVID-19_Fallzahlen_Kanton_Schwyz.xlsx,17.875456,13.209634
1036,2020-05-19 14:03:35,2020-04-16 01:00:00,10,SZ,Schwyz,05,47.061787,8.756585,265,265,0,1,,168.47,8.9,154,0,14,,,,,,,4,1,https://www.sz.ch/public/upload/assets/46739/COVID-19_Fallzahlen_Kanton_Schwyz.xlsx,55.650398,10.300214
1063,2020-05-19 14:03:35,2020-04-17 01:00:00,10,SZ,Schwyz,05,47.061787,8.756585,266,266,0,1,,169.1,8.9,161,0,14,,,,,,,1,0,https://www.sz.ch/public/upload/assets/46739/COVID-19_Fallzahlen_Kanton_Schwyz.xlsx,59.709419,14.370983
1087,2020-05-19 14:03:35,2020-04-18 01:00:00,10,SZ,Schwyz,05,47.061787,8.756585,266,266,0,1,,169.1,8.9,176,0,14,,,,,,,0,0,https://www.sz.ch/public/upload/assets/46739/COVID-19_Fallzahlen_Kanton_Schwyz.xlsx,59.709419,22.482781
1112,2020-05-19 14:03:35,2020-04-19 01:00:00,10,SZ,Schwyz,05,47.061787,8.756585,268,268,0,1,,170.38,9.536,180,0,15,,,,,,,2,1,https://www.sz.ch/public/upload/assets/46739/COVID-19_Fallzahlen_Kanton_Schwyz.xlsx,91.137872,24.218836
1139,2020-05-19 14:03:35,2020-04-20 01:00:00,10,SZ,Schwyz,05,47.061787,8.756585,272,272,0,1,,172.92,9.536,180,0,15,,,,,,,4,0,https://www.sz.ch/public/upload/assets/46739/COVID-19_Fallzahlen_Kanton_Schwyz.xlsx,83.953407,24.218836
1166,2020-05-19 14:03:35,2020-04-21 08:00:00,10,SZ,Schwyz,05,47.061787,8.756585,276,276,0,1,,175.46,10.172,192,0,16,,,,,,,4,1,https://www.sz.ch/public/upload/assets/46739/COVID-19_Fallzahlen_Kanton_Schwyz.xlsx,85.213851,25.954465
1193,2020-05-19 14:03:35,2020-04-22 08:00:00,10,SZ,Schwyz,05,47.061787,8.756585,282,282,0,1,,179.28,10.172,194,0,16,,,,,,,6,0,https://www.sz.ch/public/upload/assets/46739/COVID-19_Fallzahlen_Kanton_Schwyz.xlsx,59.333859,25.954465
1220,2020-05-19 14:03:35,2020-04-23 08:00:00,10,SZ,Schwyz,05,47.061787,8.756585,282,282,0,1,,179.28,10.172,198,0,16,,,,,,,0,0,https://www.sz.ch/public/upload/assets/46739/COVID-19_Fallzahlen_Kanton_Schwyz.xlsx,59.333859,25.954465
1247,2020-05-19 14:03:35,2020-04-24 08:00:00,10,SZ,Schwyz,05,47.061787,8.756585,284,284,0,1,,180.55,10.172,206,0,16,,,,,,,2,0,https://www.sz.ch/public/upload/assets/46739/COVID-19_Fallzahlen_Kanton_Schwyz.xlsx,59.767198,53.700268
1271,2020-05-19 14:03:35,2020-04-24 22:01:00,10,SZ,Schwyz,05,47.061787,8.756585,287,287,0,1,,182.45,10.807,215,0,17,,,,,,,3,1,https://www.sz.ch/public/upload/assets/46739/COVID-19_Fallzahlen_Kanton_Schwyz.xlsx,64.56271,27.689748
1294,2020-05-19 14:03:35,2020-04-25 22:01:00,10,SZ,Schwyz,05,47.061787,8.756585,293,293,0,1,,186.27,11.443,216,0,18,,,,,,,6,1,https://www.sz.ch/public/upload/assets/46739/COVID-19_Fallzahlen_Kanton_Schwyz.xlsx,57.982848,29.424746
1321,2020-05-19 14:03:35,2020-04-27 08:00:00,10,SZ,Schwyz,05,47.061787,8.756585,293,293,0,1,,186.27,11.443,216,0,18,,,,,,,0,0,https://www.sz.ch/public/upload/assets/46739/COVID-19_Fallzahlen_Kanton_Schwyz.xlsx,90.570683,29.424746
1348,2020-05-19 14:03:35,2020-04-28 08:00:00,10,SZ,Schwyz,05,47.061787,8.756585,295,295,0,1,,187.54,12.715,223,0,20,,,,,,,2,2,https://www.sz.ch/public/upload/assets/46739/COVID-19_Fallzahlen_Kanton_Schwyz.xlsx,76.899662,15.531419
1375,2020-05-19 14:03:35,2020-04-29 08:00:00,10,SZ,Schwyz,05,47.061787,8.756585,295,295,0,1,,187.54,12.715,224,0,20,,,,,,,0,0,https://www.sz.ch/public/upload/assets/46739/COVID-19_Fallzahlen_Kanton_Schwyz.xlsx,91.200893,15.531419
1402,2020-05-19 14:03:35,2020-04-30 08:00:00,10,SZ,Schwyz,05,47.061787,8.756585,302,302,0,1,,191.99,12.715,239,0,20,,,,,,,7,0,https://www.sz.ch/public/upload/assets/46739/COVID-19_Fallzahlen_Kanton_Schwyz.xlsx,68.029235,21.325121
1429,2020-05-19 14:03:35,2020-05-01 08:00:00,10,SZ,Schwyz,05,47.061787,8.756585,303,303,0,1,,192.63,13.35,242,0,21,,,,,,,1,1,https://www.sz.ch/public/upload/assets/46739/COVID-19_Fallzahlen_Kanton_Schwyz.xlsx,103.269238,22.482781
1453,2020-05-19 14:03:35,2020-05-01 22:01:00,10,SZ,Schwyz,05,47.061787,8.756585,304,304,0,1,,193.26,13.35,246,0,21,,,,,,,1,0,https://www.sz.ch/public/upload/assets/46739/COVID-19_Fallzahlen_Kanton_Schwyz.xlsx,94.036826,22.482781
1477,2020-05-19 14:03:35,2020-05-02 22:01:00,10,SZ,Schwyz,05,47.061787,8.756585,304,304,0,1,,193.26,13.35,248,0,21,,,,,,,0,0,https://www.sz.ch/public/upload/assets/46739/COVID-19_Fallzahlen_Kanton_Schwyz.xlsx,115.32331,71.033495
1504,2020-05-19 14:03:35,2020-05-04 08:00:00,10,SZ,Schwyz,05,47.061787,8.756585,305,305,0,1,,193.9,13.35,248,0,21,,,,,,,1,0,https://www.sz.ch/public/upload/assets/46739/COVID-19_Fallzahlen_Kanton_Schwyz.xlsx,103.962449,71.033495
1531,2020-05-19 14:03:35,2020-05-05 08:00:00,10,SZ,Schwyz,05,47.061787,8.756585,305,305,0,1,,193.9,13.986,252,0,22,,,,,,,0,1,https://www.sz.ch/public/upload/assets/46739/COVID-19_Fallzahlen_Kanton_Schwyz.xlsx,350.614094,36.362704
1558,2020-05-19 14:03:35,2020-05-06 08:00:00,10,SZ,Schwyz,05,47.061787,8.756585,305,305,0,1,,193.9,14.622,258,0,23,,,,,,,0,1,https://www.sz.ch/public/upload/assets/46739/COVID-19_Fallzahlen_Kanton_Schwyz.xlsx,526.789957,38.096825
1584,2020-05-19 14:03:35,2020-05-07 08:00:00,10,SZ,Schwyz,05,47.061787,8.756585,305,305,0,1,,193.9,14.622,264,0,23,,,,,,,0,0,https://www.sz.ch/public/upload/assets/46739/COVID-19_Fallzahlen_Kanton_Schwyz.xlsx,1055.315634,38.096825
1610,2020-05-19 14:03:35,2020-05-08 08:00:00,10,SZ,Schwyz,05,47.061787,8.756585,305,305,0,1,,193.9,14.622,267,0,23,,,,,,,0,0,https://www.sz.ch/public/upload/assets/46739/COVID-19_Fallzahlen_Kanton_Schwyz.xlsx,1055.315634,38.096825
1633,2020-05-19 14:03:35,2020-05-08 22:01:00,10,SZ,Schwyz,05,47.061787,8.756585,306,306,0,1,,194.53,14.622,268,0,23,,,,,,,1,0,https://www.sz.ch/public/upload/assets/46739/COVID-19_Fallzahlen_Kanton_Schwyz.xlsx,1058.781373,38.096825
1681,2020-05-19 14:03:35,2020-05-11 08:00:00,10,SZ,Schwyz,05,47.061787,8.756585,306,306,0,1,,194.53,14.622,272,0,23,,,,,,,0,0,https://www.sz.ch/public/upload/assets/46739/COVID-19_Fallzahlen_Kanton_Schwyz.xlsx,1058.781373,77.96622
1708,2020-05-19 14:03:35,2020-05-12 08:00:00,10,SZ,Schwyz,05,47.061787,8.756585,306,306,0,1,,194.53,14.622,277,0,23,,,,,,,0,0,https://www.sz.ch/public/upload/assets/46739/COVID-19_Fallzahlen_Kanton_Schwyz.xlsx,1058.781373,
1733,2020-05-19 14:03:35,2020-05-13 08:00:00,10,SZ,Schwyz,05,47.061787,8.756585,306,306,0,1,,194.53,14.622,277,0,23,,,,,,,0,0,https://www.sz.ch/public/upload/assets/46739/COVID-19_Fallzahlen_Kanton_Schwyz.xlsx,1058.781373,
1759,2020-05-19 14:03:35,2020-05-14 08:00:00,10,SZ,Schwyz,05,47.061787,8.756585,307,307,0,1,,195.17,14.622,280,0,23,,,,,,,1,0,https://www.sz.ch/public/upload/assets/46739/COVID-19_Fallzahlen_Kanton_Schwyz.xlsx,530.255705,
1785,2020-05-19 14:03:35,2020-05-15 08:00:00,10,SZ,Schwyz,05,47.061787,8.756585,307,307,0,1,,195.17,14.622,280,0,23,,,,,,,0,0,https://www.sz.ch/public/upload/assets/46739/COVID-19_Fallzahlen_Kanton_Schwyz.xlsx,1062.247112,
1805,2020-05-19 14:03:35,2020-05-15 22:01:00,10,SZ,Schwyz,05,47.061787,8.756585,307,307,0,1,,195.17,14.622,281,0,23,,,,,,,0,0,https://www.sz.ch/public/upload/assets/46739/COVID-19_Fallzahlen_Kanton_Schwyz.xlsx,1062.247112,
1825,2020-05-19 14:03:35,2020-05-16 22:01:00,10,SZ,Schwyz,05,47.061787,8.756585,307,307,0,1,,195.17,14.622,281,0,23,,,,,,,0,0,https://www.sz.ch/public/upload/assets/46739/COVID-19_Fallzahlen_Kanton_Schwyz.xlsx,1062.247112,
1850,2020-05-19 14:03:35,2020-05-18 08:00:00,10,SZ,Schwyz,05,47.061787,8.756585,307,307,0,1,,195.17,14.622,281,0,23,,,,,,,0,0,https://www.sz.ch/public/upload/assets/46739/COVID-19_Fallzahlen_Kanton_Schwyz.xlsx,1062.247112,
1867,2020-05-19 14:03:35,2020-05-19 08:00:00,10,SZ,Schwyz,05,47.061787,8.756585,307,307,0,1,,195.17,14.622,281,0,23,,,,,,,0,0,https://www.sz.ch/public/upload/assets/46739/COVID-19_Fallzahlen_Kanton_Schwyz.xlsx,,
