,last_update,timestamp,tests_performed,abbreviation_canton,name_canton,number_canton,lat,long,total_positive_cases,total_currently_positive_cases,new_hosp,total_hospitalized,intensive_care,total_currently_positive_per_100k,deaths_per_100k,released,ncumul_ICU_intub,deaths,ncumul_vent,current_isolated,current_quarantined,current_quarantined_riskareatravel,current_quarantined_total,ncumul_ICF,TotalPosTests1,ninst_ICU_intub,ncumul_confirmed_non_resident,current_hosp_non_resident,diff_tested,current_hosp_resident,new_positive_cases,new_deaths,source,doubling_time_total_positive,doubling_time_fatalities
256,2020-08-06 06:05:31,2020-03-12 02:00:00,,UR,Uri,04,46.771849,8.628586,2,2,0,,,5.51,,,0,,,,,,,,,,,,,,0,0,,0.0,0.0
374,2020-08-06 06:05:31,2020-03-18 02:00:00,85,UR,Uri,04,46.771849,8.628586,5,5,0,,,13.77,,,0,,,,,,,,,,,,,,3,0,https://www.ur.ch/mmdirektionen/63802,0.0,0.0
396,2020-08-06 06:05:31,2020-03-19 02:00:00,85,UR,Uri,04,46.771849,8.628586,7,7,0,,,19.28,,,0,,,,,,,,,,,,,,2,0,https://www.ur.ch/mmdirektionen/63841,0.0,0.0
419,2020-08-06 06:05:31,2020-03-20 11:00:00,85,UR,Uri,04,46.771849,8.628586,7,7,0,,,19.28,,,0,,,,,,,,,,,,,,0,0,https://www.ur.ch/themen/2920,0.0,0.0
440,2020-08-06 06:05:31,2020-03-21 07:00:00,85,UR,Uri,04,46.771849,8.628586,12,12,0,,,33.06,,,0,,,,,,,,,,,,,,5,0,https://www.ur.ch/themen/2920,0.0,0.0
484,2020-08-06 06:05:31,2020-03-23 02:00:00,85,UR,Uri,04,46.771849,8.628586,22,22,0,1,,60.61,,1,0,,,,,,,,,,,,,,10,0,https://www.ur.ch/themen/2920,1.445324,0.0
511,2020-08-06 06:05:31,2020-03-24 11:00:00,85,UR,Uri,04,46.771849,8.628586,25,25,0,1,,68.87,,1,0,,,,,,,,,,,,,,3,0,https://www.ur.ch/themen/2920,2.153383,0.0
564,2020-08-06 06:05:31,2020-03-26 02:00:00,85,UR,Uri,04,46.771849,8.628586,38,38,3,4,,104.68,,2,0,,,,,,,,,,,,,,13,0,https://www.ur.ch/themen/2920,2.0487,0.0
591,2020-08-06 06:05:31,2020-03-27 02:00:00,85,UR,Uri,04,46.771849,8.628586,40,40,3,7,,110.19,,3,0,,,,,,,,,,,,,,2,0,https://www.ur.ch/themen/2920,1.988409,0.0
616,2020-08-06 06:05:31,2020-03-28 02:00:00,85,UR,Uri,04,46.771849,8.628586,48,48,0,7,,132.23,,3,0,,,,,,,,,,,,,,8,0,https://www.ur.ch/themen/2920,2.5,0.0
640,2020-08-06 06:05:31,2020-03-29 01:00:00,85,UR,Uri,04,46.771849,8.628586,50,50,0,7,,137.74,,3,0,,,,,,,,,,,,,,2,0,https://www.ur.ch/themen/2920,4.221459,0.0
666,2020-08-06 06:05:31,2020-03-30 01:00:00,85,UR,Uri,04,46.771849,8.628586,53,53,0,7,,146.01,,9,0,,,,,,,,,,,,,,3,0,https://www.ur.ch/themen/2920,4.612273,0.0
693,2020-08-06 06:05:31,2020-03-31 01:00:00,85,UR,Uri,04,46.771849,8.628586,57,57,2,9,,157.02,,11,0,,,,,,,,,,,,,,4,0,https://www.ur.ch/themen/2920,8.547556,0.0
719,2020-08-06 06:05:31,2020-04-01 01:00:00,85,UR,Uri,04,46.771849,8.628586,59,59,1,10,,162.53,2.755,13,0,1,,,,,,,,,,,,,2,0,https://www.ur.ch/themen/2920,8.917187,0.0
746,2020-08-06 06:05:31,2020-04-02 12:00:00,85,UR,Uri,04,46.771849,8.628586,60,60,-6,4,,165.29,2.755,13,0,1,,,,,,,,,,,,,1,0,https://www.ur.ch/themen/2920,15.531419,0.0
773,2020-08-06 06:05:31,2020-04-03 12:00:00,85,UR,Uri,04,46.771849,8.628586,62,62,2,6,,170.8,2.755,26,0,1,,,,,,,,,,,,,2,0,https://www.ur.ch/themen/2920,16.111355,0.0
798,2020-08-06 06:05:31,2020-04-04 15:00:00,85,UR,Uri,04,46.771849,8.628586,66,66,0,6,,181.82,2.755,26,0,1,,,,,,,,,,,,,4,0,https://www.ur.ch/themen/2920,15.799103,0.0
822,2020-08-06 06:05:31,2020-04-05 15:00:00,85,UR,Uri,04,46.771849,8.628586,67,67,-1,5,,184.57,5.51,26,0,2,,,,,,,,,,,,,1,1,https://www.ur.ch/themen/2920,21.440899,0.0
849,2020-08-06 06:05:31,2020-04-06 12:00:00,85,UR,Uri,04,46.771849,8.628586,67,67,4,9,,184.57,5.51,34,0,2,,,,,,,,,,,,,0,0,https://www.ur.ch/themen/2920,27.255956,5.0
876,2020-08-06 06:05:31,2020-04-07 12:00:00,85,UR,Uri,04,46.771849,8.628586,68,68,-2,7,,187.33,5.51,42,0,2,,,,,,,,,,,,,1,0,https://www.ur.ch/themen/2920,27.689748,5.0
903,2020-08-06 06:05:31,2020-04-08 12:00:00,85,UR,Uri,04,46.771849,8.628586,72,72,-2,5,,198.35,11.019,42,0,4,,,,,,,,,,,,,4,2,https://www.ur.ch/themen/2962,23.17726,2.5
930,2020-08-06 06:05:31,2020-04-09 12:00:00,85,UR,Uri,04,46.771849,8.628586,72,72,-1,4,,198.35,11.019,45,0,4,,,,,,,,,,,,,0,0,https://www.ur.ch/themen/2962,39.830836,2.5
955,2020-08-06 06:05:31,2020-04-10 14:00:00,85,UR,Uri,04,46.771849,8.628586,74,74,0,4,,203.86,11.019,49,0,4,,,,,,,,,,,,,2,0,https://www.ur.ch/themen/2962,34.876216,5.0
981,2020-08-06 06:05:31,2020-04-11 14:00:00,85,UR,Uri,04,46.771849,8.628586,75,75,4,8,,206.61,11.019,50,0,4,,,,,,,,,,,,,1,0,https://www.ur.ch/themen/2962,30.725836,5.0
1005,2020-08-06 06:05:31,2020-04-12 13:00:00,85,UR,Uri,04,46.771849,8.628586,77,77,-3,5,,212.12,11.019,52,0,4,,,,,,,,,,,,,2,0,https://www.ur.ch/themen/2962,27.882539,5.0
1031,2020-08-06 06:05:31,2020-04-13 12:00:00,85,UR,Uri,04,46.771849,8.628586,78,78,-1,4,,214.88,11.019,52,0,4,,,,,,,,,,,,,1,0,https://www.ur.ch/themen/2962,43.298584,
1058,2020-08-06 06:05:31,2020-04-14 12:00:00,85,UR,Uri,04,46.771849,8.628586,78,78,-1,3,,214.88,11.019,56,0,4,,,,,,,,,,,,,0,0,https://www.ur.ch/themen/2962,43.298584,
1085,2020-08-06 06:05:31,2020-04-15 14:00:00,85,UR,Uri,04,46.771849,8.628586,78,78,0,3,,214.88,11.019,62,0,4,,,,,,,,,,,,,0,0,https://www.ur.ch/themen/2962,65.833779,
1112,2020-08-06 06:05:31,2020-04-16 13:00:00,85,UR,Uri,04,46.771849,8.628586,78,78,-1,2,,214.88,13.774,62,0,5,,,,,,,,,,,,,0,1,https://www.ur.ch/themen/2962,88.364938,15.531419
1139,2020-08-06 06:05:31,2020-04-17 12:00:00,85,UR,Uri,04,46.771849,8.628586,78,78,0,2,,214.88,13.774,66,0,5,,,,,,,,,,,,,0,0,https://www.ur.ch/themen/2962,268.590806,15.531419
1163,2020-08-06 06:05:31,2020-04-18 13:00:00,85,UR,Uri,04,46.771849,8.628586,78,78,0,2,,214.88,13.774,69,0,5,,,,,,,,,,,,,0,0,https://www.ur.ch/themen/2962,,15.531419
1188,2020-08-06 06:05:31,2020-04-19 11:00:00,85,UR,Uri,04,46.771849,8.628586,78,78,0,2,,214.88,13.774,69,0,5,,,,,,,,,,,,,0,0,https://www.ur.ch/themen/2962,,15.531419
1215,2020-08-06 06:05:31,2020-04-20 12:00:00,85,UR,Uri,04,46.771849,8.628586,78,78,0,2,,214.88,13.774,69,0,5,,,,,,,,,,,,,0,0,https://www.ur.ch/themen/2962,,15.531419
1242,2020-08-06 06:05:31,2020-04-21 15:00:00,85,UR,Uri,04,46.771849,8.628586,78,78,0,2,,214.88,13.774,69,0,5,,,,,,,,,,,,,0,0,https://www.ur.ch/themen/2962,,
1269,2020-08-06 06:05:31,2020-04-22 13:00:00,85,UR,Uri,04,46.771849,8.628586,78,78,1,3,,214.88,13.774,69,0,5,,,,,,,,,,,,,0,0,https://www.ur.ch/themen/2962,,
1296,2020-08-06 06:05:31,2020-04-23 13:00:00,85,UR,Uri,04,46.771849,8.628586,78,78,1,4,,214.88,13.774,69,0,5,,,,,,,,,,,,,0,0,https://www.ur.ch/themen/2962,,
1323,2020-08-06 06:05:31,2020-04-24 12:00:00,85,UR,Uri,04,46.771849,8.628586,78,78,-1,3,,214.88,13.774,69,0,5,,,,,,,,,,,,,0,0,https://www.ur.ch/themen/2962,,
1347,2020-08-06 06:05:31,2020-04-25 10:00:00,85,UR,Uri,04,46.771849,8.628586,78,78,0,3,,214.88,13.774,69,0,5,,,,,,,,,,,,,0,0,https://www.ur.ch/themen/2962,,
1370,2020-08-06 06:05:31,2020-04-26 10:00:00,85,UR,Uri,04,46.771849,8.628586,80,80,0,3,,220.39,13.774,69,0,5,,,,,,,,,,,,,2,0,https://www.ur.ch/themen/2962,136.889256,
1397,2020-08-06 06:05:31,2020-04-27 12:00:00,85,UR,Uri,04,46.771849,8.628586,83,83,1,4,,228.65,13.774,69,0,5,,,,,,,,,,,,,3,0,https://www.ur.ch/themen/2962,55.780405,
1424,2020-08-06 06:05:31,2020-04-28 10:00:00,85,UR,Uri,04,46.771849,8.628586,85,85,1,5,,234.16,13.774,71,0,5,,,,,,,,,,,,,2,0,https://www.ur.ch/themen/2962,40.32625,
1451,2020-08-06 06:05:31,2020-04-29 12:00:00,85,UR,Uri,04,46.771849,8.628586,85,85,0,5,,234.16,13.774,71,0,5,,,,,,,,,,,,,0,0,https://www.ur.ch/themen/2962,40.32625,
1478,2020-08-06 06:05:31,2020-04-30 14:00:00,85,UR,Uri,04,46.771849,8.628586,86,86,-1,4,,236.91,13.774,71,0,5,,,,,,,,,,,,,1,0,https://www.ur.ch/themen/2962,35.495598,
1505,2020-08-06 06:05:31,2020-05-01 13:30:00,85,UR,Uri,04,46.771849,8.628586,87,87,-1,3,,239.67,16.529,72,0,6,,,,,,,,,,,,,1,1,https://www.ur.ch/themen/2962,41.317055,19.00892
1529,2020-08-06 06:05:31,2020-05-02 13:00:00,85,UR,Uri,04,46.771849,8.628586,89,89,-3,0,,245.18,16.529,72,0,6,,,,,,,,,,,,,2,0,https://www.ur.ch/themen/2962,49.655392,19.00892
1553,2020-08-06 06:05:31,2020-05-03 11:00:00,85,UR,Uri,04,46.771849,8.628586,90,90,0,0,,247.93,16.529,72,0,6,,,,,,,,,,,,,1,0,https://www.ur.ch/themen/2962,60.633871,19.00892
1580,2020-08-06 06:05:31,2020-05-04 12:00:00,85,UR,Uri,04,46.771849,8.628586,91,91,2,2,,250.69,16.529,72,0,6,,,,,,,,,,,,,1,0,https://www.ur.ch/themen/2962,50.811095,19.00892
1607,2020-08-06 06:05:31,2020-05-05 13:30:00,85,UR,Uri,04,46.771849,8.628586,91,91,0,2,,250.69,19.284,74,0,7,,,,,,,,,,,,,0,1,https://www.ur.ch/themen/2962,61.327205,10.300214
1634,2020-08-06 06:05:31,2020-05-06 12:00:00,85,UR,Uri,04,46.771849,8.628586,91,91,1,3,,250.69,19.284,74,0,7,,,,,,,,,,,,,0,0,https://www.ur.ch/themen/2962,77.099642,22.482781
1660,2020-08-06 06:05:31,2020-05-07 11:00:00,85,UR,Uri,04,46.771849,8.628586,92,92,-1,2,,253.44,19.284,75,0,7,,,,,,,,,,,,,1,0,https://www.ur.ch/themen/2962,104.540125,22.482781
1686,2020-08-06 06:05:31,2020-05-08 12:00:00,85,UR,Uri,04,46.771849,8.628586,92,92,1,3,,253.44,19.284,75,0,7,,,,,,,,,,,,,0,0,https://www.ur.ch/themen/2962,157.684636,22.482781
1709,2020-08-06 06:05:31,2020-05-09 12:00:00,85,UR,Uri,04,46.771849,8.628586,92,92,0,3,,253.44,19.284,75,0,7,,,,,,,,,,,,,0,0,https://www.ur.ch/themen/2962,317.111679,22.482781
1730,2020-08-06 06:05:31,2020-05-10 12:00:00,85,UR,Uri,04,46.771849,8.628586,92,92,0,3,,253.44,19.284,75,0,7,,,,,,,,,,,,,0,0,https://www.ur.ch/themen/2962,317.111679,
1757,2020-08-06 06:05:31,2020-05-11 12:00:00,85,UR,Uri,04,46.771849,8.628586,92,92,-2,1,,253.44,19.284,75,0,7,,,,,,,,,,,,,0,0,https://www.ur.ch/themen/2962,317.111679,
1784,2020-08-06 06:05:31,2020-05-12 14:30:00,85,UR,Uri,04,46.771849,8.628586,92,92,2,3,,253.44,19.284,75,0,7,,,,,,,,,,,,,0,0,https://www.ur.ch/themen/2962,,
1809,2020-08-06 06:05:31,2020-05-13 13:15:00,85,UR,Uri,04,46.771849,8.628586,92,92,0,3,,253.44,19.284,78,0,7,,,,,,,,,,,,,0,0,https://www.ur.ch/themen/2962,,
1835,2020-08-06 06:05:31,2020-05-14 14:15:00,85,UR,Uri,04,46.771849,8.628586,92,92,0,3,,253.44,19.284,78,0,7,,,,,,,,,,,,,0,0,https://www.ur.ch/themen/2962,,
1881,2020-08-06 06:05:31,2020-05-16 12:00:00,85,UR,Uri,04,46.771849,8.628586,93,93,1,4,,256.2,19.284,79,0,7,,,,,,,,,,,,,1,0,https://www.ur.ch/themen/2962,320.577449,
1901,2020-08-06 06:05:31,2020-05-17 13:30:00,85,UR,Uri,04,46.771849,8.628586,93,93,1,5,,256.2,19.284,79,0,7,,,,,,,,,,,,,0,0,https://www.ur.ch/themen/2962,320.577449,
1927,2020-08-06 06:05:31,2020-05-18 13:30:00,85,UR,Uri,04,46.771849,8.628586,93,93,0,5,,256.2,19.284,79,0,7,,,,,,,,,,,,,0,0,https://www.ur.ch/themen/2962,320.577449,
1952,2020-08-06 06:05:31,2020-05-19 13:00:00,85,UR,Uri,04,46.771849,8.628586,93,93,-2,3,,256.2,19.284,79,0,7,,,,,,,,,,,,,0,0,https://www.ur.ch/themen/2962,320.577449,
1979,2020-08-06 06:05:31,2020-05-20 13:30:00,85,UR,Uri,04,46.771849,8.628586,93,93,-3,0,,256.2,19.284,82,0,7,,,,,,,,,,,,,0,0,https://www.ur.ch/themen/2962,320.577449,
2001,2020-08-06 06:05:31,2020-05-21 15:30:00,85,UR,Uri,04,46.771849,8.628586,93,93,0,0,,256.2,19.284,82,0,7,,,,,,,,,,,,,0,0,https://www.ur.ch/themen/2962,,
2024,2020-08-06 06:05:31,2020-05-22 15:30:00,85,UR,Uri,04,46.771849,8.628586,93,93,0,0,,256.2,19.284,84,0,7,,,,,,,,,,,,,0,0,https://www.ur.ch/themen/2962,,
2043,2020-08-06 06:05:31,2020-05-23 15:30:00,85,UR,Uri,04,46.771849,8.628586,93,93,1,1,,256.2,19.284,84,0,7,,,,,,,,,,,,,0,0,https://www.ur.ch/themen/2962,,
2063,2020-08-06 06:05:31,2020-05-24 15:30:00,85,UR,Uri,04,46.771849,8.628586,93,93,0,1,,256.2,19.284,84,0,7,,,,,,,,,,,,,0,0,https://www.ur.ch/themen/2962,,
2090,2020-08-06 06:05:31,2020-05-25 15:00:00,85,UR,Uri,04,46.771849,8.628586,93,93,0,1,,256.2,19.284,84,0,7,,,,,,,,,,,,,0,0,https://www.ur.ch/themen/2962,,
2115,2020-08-06 06:05:31,2020-05-26 18:00:00,85,UR,Uri,04,46.771849,8.628586,93,93,-1,0,,256.2,19.284,86,0,7,,,,,,,,,,,,,0,0,https://www.ur.ch/themen/2962,,
2142,2020-08-06 06:05:31,2020-05-27 15:00:00,85,UR,Uri,04,46.771849,8.628586,93,93,0,0,,256.2,19.284,86,0,7,,,,,,,,,,,,,0,0,https://www.ur.ch/themen/2962,,
2168,2020-08-06 06:05:31,2020-05-28 12:00:00,85,UR,Uri,04,46.771849,8.628586,93,93,0,0,,256.2,19.284,86,0,7,,,,,,,,,,,,,0,0,https://www.ur.ch/themen/2962,,
2194,2020-08-06 06:05:31,2020-05-29 12:00:00,85,UR,Uri,04,46.771849,8.628586,93,93,0,0,,256.2,19.284,86,0,7,,,,,,,,,,,,,0,0,https://www.ur.ch/themen/2962,,
2213,2020-08-06 06:05:31,2020-05-30 12:00:00,85,UR,Uri,04,46.771849,8.628586,93,93,0,0,,256.2,19.284,86,0,7,,,,,,,,,,,,,0,0,https://www.ur.ch/themen/2962,,
2232,2020-08-06 06:05:31,2020-05-31 12:00:00,85,UR,Uri,04,46.771849,8.628586,93,93,0,0,,256.2,19.284,86,0,7,,,,,,,,,,,,,0,0,https://www.ur.ch/themen/2962,,
2252,2020-08-06 06:05:31,2020-06-01 09:00:00,85,UR,Uri,04,46.771849,8.628586,93,93,0,0,,256.2,19.284,86,0,7,,,,,,,,,,,,,0,0,https://www.ur.ch/themen/2962,,
2277,2020-08-06 06:05:31,2020-06-02 15:00:00,85,UR,Uri,04,46.771849,8.628586,93,93,0,0,,256.2,19.284,86,0,7,,,,,,,,,,,,,0,0,https://www.ur.ch/themen/2962,,
2830,2020-08-06 06:05:31,2020-06-26 09:30:00,85,UR,Uri,04,46.771849,8.628586,94,94,0,0,,258.95,19.284,86,0,7,,,,,,,,,,,,,1,0,https://www.ur.ch/themen/2962,324.043218,
2894,2020-08-06 06:05:31,2020-06-29 06:00:00,85,UR,Uri,04,46.771849,8.628586,95,95,0,0,,261.71,19.284,86,0,7,,,,,,,,,,,,,1,0,https://www.ur.ch/themen/2962,162.883442,
2920,2020-08-06 06:05:31,2020-06-30 13:00:00,85,UR,Uri,04,46.771849,8.628586,97,97,0,0,,267.22,19.284,86,0,7,,,,,,,,,,,,,2,0,https://www.ur.ch/themen/2962,82.299066,
2947,2020-08-06 06:05:31,2020-07-01 15:00:00,85,UR,Uri,04,46.771849,8.628586,103,103,0,0,,283.75,19.284,86,0,7,,,,,,,,,,,,,6,0,https://www.ur.ch/themen/2962,33.934721,
2973,2020-08-06 06:05:31,2020-07-02 14:30:00,85,UR,Uri,04,46.771849,8.628586,104,104,0,0,,286.5,19.284,86,0,7,,,,,,,,,,,,,1,0,https://www.ur.ch/themen/2962,31.00181,
3037,2020-08-06 06:05:31,2020-07-05 14:30:00,85,UR,Uri,04,46.771849,8.628586,105,105,0,0,,289.26,19.284,86,0,7,,,,,,,,,,,,,1,0,https://www.ur.ch/themen/2962,31.317202,
3089,2020-08-06 06:05:31,2020-07-07 14:00:00,85,UR,Uri,04,46.771849,8.628586,107,107,0,0,,294.77,19.284,87,0,7,,,,,,,,,,,,,2,0,https://www.ur.ch/themen/2962,29.135597,
3140,2020-08-06 06:05:31,2020-07-09 11:30:00,85,UR,Uri,04,46.771849,8.628586,109,109,0,0,,300.28,19.284,90,0,7,,,,,,,,,,,,,2,0,https://www.ur.ch/themen/2962,29.713888,
3228,2020-08-06 06:05:31,2020-07-13 05:00:00,85,UR,Uri,04,46.771849,8.628586,109,109,0,0,,300.28,19.284,90,0,7,,,,,,,,,,,,,0,0,https://www.ur.ch/themen/2962,61.21165,
3280,2020-08-06 06:05:31,2020-07-15 06:00:00,85,UR,Uri,04,46.771849,8.628586,111,111,0,0,,305.79,19.284,93,0,7,,,,,,,,,,,,,2,0,https://www.ur.ch/themen/2962,53.20499,
3305,2020-08-06 06:05:31,2020-07-16 14:00:00,85,UR,Uri,04,46.771849,8.628586,111,111,0,0,,305.79,19.284,100,0,7,,,,,,,,,,,,,0,0,https://www.ur.ch/themen/2962,62.367198,
3391,2020-08-06 06:05:31,2020-07-20 14:00:00,85,UR,Uri,04,46.771849,8.628586,112,112,0,0,,308.54,19.284,104,0,7,,,,,,,,,,,,,1,0,https://www.ur.ch/themen/2962,75.886427,
3441,2020-08-06 06:05:31,2020-07-22 14:00:00,85,UR,Uri,04,46.771849,8.628586,112,112,0,0,,308.54,19.284,104,0,7,,,,,,,,,,,,,0,0,https://www.ur.ch/themen/2962,127.646764,
3466,2020-08-06 06:05:31,2020-07-23 14:30:00,85,UR,Uri,04,46.771849,8.628586,115,115,1,1,,316.8,19.284,104,0,7,,,,,,,,,,,,,0,0,https://www.ur.ch/themen/2962,64.678262,
3492,2020-08-06 06:05:31,2020-07-24 09:00:00,85,UR,Uri,04,46.771849,8.628586,115,115,0,1,,316.8,19.284,104,0,7,,,,,,,,,,,,,0,0,https://www.ur.ch/themen/2962,97.896815,
3576,2020-08-06 06:05:31,2020-07-28 05:00:00,85,UR,Uri,04,46.771849,8.628586,115,115,0,1,,316.8,19.284,104,0,7,,,,,,,,,,,,,0,0,https://www.ur.ch/themen/2962,97.896815,
3603,2020-08-06 06:05:31,2020-07-29 11:00:00,85,UR,Uri,04,46.771849,8.628586,116,116,0,1,,319.56,19.284,104,0,7,,,,,,,,,,,,,1,0,https://www.ur.ch/themen/2962,98.763339,
3629,2020-08-06 06:05:31,2020-07-30 09:00:00,85,UR,Uri,04,46.771849,8.628586,116,116,-1,0,,319.56,19.284,104,0,7,,,,,,,,,,,,,0,0,https://www.ur.ch/themen/2962,98.763339,
3655,2020-08-06 06:05:31,2020-07-31 09:00:00,85,UR,Uri,04,46.771849,8.628586,116,116,0,0,,319.56,19.284,104,0,7,,,,,,,,,,,,,0,0,https://www.ur.ch/themen/2962,400.289996,
3713,2020-08-06 06:05:31,2020-08-03 14:00:00,85,UR,Uri,04,46.771849,8.628586,117,117,0,0,,322.31,19.284,106,0,7,,,47.0,,,,,,,,,,1,0,https://www.ur.ch/themen/2962,201.007703,
3737,2020-08-06 06:05:31,2020-08-04 14:00:00,85,UR,Uri,04,46.771849,8.628586,117,117,0,0,,322.31,19.284,106,0,7,,,49.0,,,,,,,,,,0,0,https://www.ur.ch/themen/2962,201.007703,
3758,2020-08-06 06:05:31,2020-08-05 14:00:00,85,UR,Uri,04,46.771849,8.628586,117,117,0,0,,322.31,19.284,106,0,7,,,49.0,,,,,,,,,,0,0,https://www.ur.ch/themen/2962,403.755754,
